18008
8236
5343
23288
23572
24271
1014
3638
15701
21918
11857
18509
13339
4523
27531
17914
32639
13755
29476
16721
3991
22173
6017
20655
14490
29115
12852
12785
8516
12783
9598
21987
28796
30360
5906
16379
32309
20716
18460
3656
2962
27536
11906
15781
17997
4198
13162
32306
7001
16550
15100
11269
7366
4912
22889
16412
32486
19744
22828
19862
28846
26787
30352
24355
21342
32266
29810
18618
5477
17181
28232
16778
13438
5298
2914
23090
11040
15998
30576
9012
19733
29994
17477
6055
22376
13993
6362
8237
14213
1226
20886
16933
19868
11785
30156
20258
11846
6315
9862
10395
10091
17418
27265
27620
3171
29741
31608
6748
3419
15259
30885
4585
7675
22385
8838
27041
12102
4531
989
1738
16577
7648
11258
32261
3287
9161
24124
5318
21628
27810
23254
30471
3601
26202
9423
30014
31623
28968
26957
24204
27592
11111
27666
19255
11090
12195
7495
27482
26661
30964
15480
11739
3296
24970
11489
21406
22311
28554
24296
17144
11591
25625
29418
12135
30493
16565
31034
27008
32308
14028
29543
27432
6445
13703
31422
29703
9828
2535
12304
19002
6608
17684
22710
29512
8747
23794
19665
31064
10579
15092
6870
4257
13297
11573
1099
12577
25688
28101
14283
30866
9392
13376
27728
26778
15443
1446
16818
21826
21623
13926
2666
6057
12302
21180
25244
22778
6890
24893
14421
2459
21541
13233
10513
22695
30656
14880
22656
16287
11146
3120
9353
30300
4931
7342
23184
25416
20482
19306
20980
23502
3796
18760
4060
18703
27302
660
22580
1239
9573
918
20466
719
31843
2918
5278
6644
7165
16642
27921
583
30331
16030
30589
23238
567
26427
30893
19356
8962
14971
12430
6293
17091
6836
22511
14292
23905
14659
11141
16584
995
7459
10290
18268
191
30654
23686
30574
275
15362
29575
1155
17138
11192
23725
16825
15826
20241
13617
30205
22554
2690
22152
16509
29067
18130
11818
8544
28679
24434
17047
31413
3246
19212
2460
7594
31814
12894
29650
14335
30432
26953
20841
13754
25272
32293
29731
27419
9822
21336
12963
6866
26131
30503
12520
11376
12406
11724
4629
10012
24160
25032
30579
17543
10764
28282
28856
12322
16763
30961
72
18062
22550
19199
8255
26963
31638
25742
20967
15062
12321
14135
18316
22149
6069
16401
8376
22869
10442
29639
14136
20078
14387
12526
6176
21540
23110
11413
3599
3370
24380
3357
8372
12802
28379
10059
11665
22200
1874
4507
32255
14544
25444
471
32371
10621
3016
10473
31487
26644
6096
33006
1308
32959
24906
16779
26278
886
12196
28292
17960
10027
7763
13450
24666
11589
17012
2133
31464
6480
21428
15347
29813
4339
23662
32352
5600
30754
13588
31062
2246
7572
20176
33126
5960
2936
4459
3144
6414
20580
20589
24944
12683
21646
7046
14561
17283
3902
28204
15430
15819
12419
646
7743
9553
4902
19337
15353
32860
2780
23137
32001
1812
25279
13074
25946
15684
8191
21599
3533
22879
23765
30443
30336
7361
20409
18334
26570
33080
21205
8522
21830
24515
32697
2446
30502
29849
13136
29947
3530
25709
3603
5750
914
9969
17532
15837
24816
31385
21438
2542
18113
17825
28339
29028
25309
2129
14102
26466
4844
17536
5874
7957
10620
32343
20058
12950
2385
14935
2395
12557
2812
7325
4655
22556
24752
3429
29619
31867
203
1742
8220
26079
15308
28637
28645
8737
8110
10435
3339
5020
4080
11363
7805
16087
21265
27407
18382
7012
7016
17042
20782
27655
3767
14196
2968
25115
27651
21369
17741
4146
17315
19819
25216
28668
30104
24089
28243
32618
27164
26272
14338
14610
14461
19433
20574
27606
12332
11123
31614
13760
30737
19795
27313
9777
14370
30585
21174
19259
33076
1588
12848
11851
26385
28153
23636
1035
32970
2656
7141
4998
17231
24175
610
6286
27196
10779
14206
9562
25334
30988
23760
18292
28151
3745
22988
29651
27238
21300
9202
32323
32747
9887
22341
8206
6849
15358
13055
20949
28173
25271
20099
31935
28782
24760
6803
18134
1749
16896
707
32429
20887
16737
17197
27206
20416
11908
18023
32052
19627
29997
8114
14845
19407
10688
30068
17090
26332
16133
28649
23842
20999
18728
32789
27995
31393
29188
4861
11442
29679
672
1302
7958
9782
9722
27134
3072
29717
18692
31850
32413
18967
15341
19040
4399
19593
30881
29094
1969
6025
12947
32890
32185
17760
5050
632
11171
12050
19161
25096
1772
6963
20228
13664
16860
20219
31840
28841
28264
13725
28202
27581
18518
4565
14843
3170
27298
28096
28746
21697
29729
15601
1586
13850
24420
25793
3189
31669
4575
7910
22466
25116
26186
27208
32307
11911
13896
32272
19994
23192
10055
29441
8701
10312
16039
5899
13791
12834
33054
7965
25025
19375
8539
11068
23913
17969
33257
20690
29026
28051
3671
8008
14660
20897
12182
21206
23350
12149
24482
10650
22704
3889
8292
3816
287
27124
23000
4322
10786
27654
25451
21576
4624
10070
15527
31377
4033
18983
14609
11834
29832
11782
9042
18782
17385
21247
7062
19079
9491
6928
13618
3012
3499
23006
690
28667
2507
3239
9776
31361
17739
20088
29776
1256
14911
23712
1868
1816
10432
16228
11428
9633
15344
27380
26394
31312
32824
27806
14099
19201
241
30786
16959
8883
4754
27142
7804
32994
2518
4170
17400
4881
27106
20959
27286
11430
1876
1139
22164
28922
26608
1872
22634
25521
24992
30279
1013
21319
10937
2278
25300
20972
16256
29170
9747
12434
16621
546
6918
12356
12463
6342
26488
23993
11887
21154
20742
19241
6745
23481
5061
7263
16601
26452
3115
6416
29602
17893
14380
14699
13301
30272
21411
24817
21024
22279
5108
15239
9797
3174
18159
28873
18012
28161
22776
8610
23931
4395
1637
162
418
17241
15400
12654
23298
2262
27566
31334
29694
29624
22023
32
16499
26386
4678
32183
21947
6763
21291
3514
1056
29039
12287
14619
1767
31717
29888
27123
30094
12769
15742
32544
23121
16443
24837
7248
4595
31039
28348
16476
22714
15782
17357
5592
10428
29126
31622
12776
19801
21253
16128
13652
20489
16787
14334
991
8792
21081
11031
1493
10542
15660
32024
10212
3412
31559
10148
3372
30004
10744
24861
10137
3040
1433
31688
10865
430
4290
16427
2857
12291
15293
18106
1149
13189
8250
5299
453
15541
9540
32839
2160
24293
8052
8186
630
4710
16741
18764
30763
18510
28775
25241
28871
27511
20856
3134
2263
29387
8816
25853
6948
26815
13179
28067
4444
3102
5324
20455
8035
28168
19600
3222
18667
12602
10529
21741
25924
20112
33661
4934
5493
33479
1526
26360
24715
18824
19243
6008
27185
2466
26934
17092
30593
22168
15655
830
724
27483
2738
18274
31091
16984
17444
31821
25199
28341
3739
7865
9521
6872
22135
26331
24881
20522
2060
13825
16271
27674
16537
500
19368
26212
2942
1607
14824
19603
32681
2589
4319
5828
20818
11500
26774
14766
11240
4019
13347
6623
26699
21542
18811
17480
29499
14673
7048
4092
582
27517
23163
3381
9132
2903
28260
26008
5039
12367
32767
4538
17898
27199
33745
2018
7189
1613
31604
18449
18372
6930
24880
26943
12951
8188
29131
3048
14001
5104
18593
21959
15212
30516
33271
23266
2635
7309
22412
6086
28721
5540
27505
24852
32464
16046
13595
27708
33379
11596
17591
21897
32672
1712
20669
18270
19944
33026
16840
9919
8642
5122
12453
26898
7047
7406
2729
334
11871
31142
20552
16759
29547
24334
8676
27049
467
28340
3811
9563
32677
20403
23300
15902
725
20183
11763
21186
32423
18945
24859
15829
22868
27341
24507
17766
17865
29811
19772
30734
28110
10475
26050
23346
21447
2389
19713
20098
14383
30103
16210
18629
29505
28488
22789
20953
5880
33741
26617
24053
27962
8641
31595
28210
9808
23963
9740
6730
19354
27018
9814
26527
19073
17572
26911
4479
11180
25920
6767
9894
19063
25248
14479
8196
8353
25044
23906
720
31300
18906
12792
28543
9739
33546
16481
18655
30111
17842
6079
19270
8802
15357
30367
17377
27232
31513
158
17638
31107
6040
15318
32029
29446
22807
12482
10400
12075
20766
2755
32479
33073
22856
33560
16870
6528
15524
25508
21219
22568
4186
3325
28642
9097
32658
8897
32476
5971
3729
21033
2544
652
6437
26336
20720
21698
4164
8725
5151
10825
15088
1999
31801
18341
32349
5760
17332
7171
29014
7390
1350
33490
16093
8686
21415
3192
7186
4961
32408
16195
21846
11812
10532
25762
13999
21811
5414
13973
21358
19118
18443
33122
28944
32558
27865
3466
6499
27481
6000
26107
6122
10164
19729
20103
26241
14009
30236
32405
19780
13610
7454
29718
1095
25764
7946
29371
4350
17527
12487
33637
33247
11445
24043
2014
6471
8073
25799
14022
7840
17610
5027
5072
31526
17360
2890
14382
12432
28551
2762
32585
8946
30913
10357
27574
14818
6865
7211
22629
7386
30293
1303
18972
3805
3667
9032
29988
11613
1106
27657
19267
5725
10748
17108
9706
14803
13530
5372
24750
23120
13439
31031
30716
838
21201
25253
32777
26682
14802
34062
2057
8970
12405
20076
15777
33201
31152
6569
25758
31514
10706
32425
30439
7393
26135
25483
32944
18104
17017
13100
3313
13578
12746
23789
13847
7902
15360
33207
12025
27389
28368
29244
22541
16471
15486
25215
13532
30115
15603
30358
21939
9286
34064
313
315
25206
2114
26705
27788
26783
14422
8932
9694
9733
22415
34164
27392
2220
12534
12210
6765
31861
10994
12347
33499
25993
26648
29213
10933
6650
27204
9111
11211
7848
27625
31265
30537
11106
25509
30636
5605
14926
26137
5419
14429
9867
23031
30290
11297
7700
12892
2718
2124
27368
9057
16277
9945
85
34029
10319
15892
12800
22477
15925
11854
13321
8454
7945
22485
20462
3945
27687
3364
10894
8041
12042
30038
17378
12586
594
29409
4832
17626
9347
564
6303
20804
21714
18033
11963
26786
9244
940
5371
8115
6135
2213
33329
27406
18286
26410
15458
26294
21575
18095
31783
15342
2440
12721
8019
6479
17209
7335
28374
28951
33642
14064
31714
29124
22648
18442
22604
27874
30861
27908
11828
8225
210
18998
419
5290
13145
34095
28934
2227
29334
6895
17889
5969
12717
26199
28198
4750
10832
27357
3520
17340
8538
14212
7928
34313
1555
30220
5345
28499
11432
31333
31987
31549
21257
26218
25590
27778
5841
13772
33314
22665
15771
17996
29316
4410
10369
12334
31139
24849
28640
33514
8036
19824
27740
14884
8235
21306
20772
32478
31043
20893
15223
2285
5248
5935
23400
13481
22306
17725
6622
8425
6141
32095
24542
26927
16599
3408
25357
20511
7954
1298
7024
28214
10123
8924
18039
14520
12737
1471
6970
29930
28218
31081
1169
27522
7202
7712
28939
28764
16950
30084
22664
4718
28384
25182
14312
2046
562
29500
19032
11026
20410
25213
26761
6697
32252
23720
34227
20776
6659
1165
32218
20119
12429
20575
420
6413
96
32312
27003
14569
1045
22526
25304
31299
22291
13998
22592
2851
25008
11942
15210
18928
4324
29111
18098
22571
20097
6011
29720
17757
13113
16360
25996
26189
877
17446
8809
11383
31945
27038
20031
1119
23345
19284
15573
27729
13534
28022
1902
16132
21958
12085
817
22943
31704
3795
22899
23972
6368
29693
20399
1634
27563
29788
29400
31348
13419
648
31317
25766
2140
22139
23775
25141
2216
12845
24199
8318
32905
15839
36
21515
11949
26769
29445
11017
15838
20986
30804
17404
12514
5847
19071
31921
17824
1624
31303
11636
4997
19657
24605
9348
26918
32502
34532
30148
11559
29490
13303
29363
18011
8976
12398
24222
20268
21091
14237
13077
6206
5972
11998
2203
15951
10417
2705
30625
22370
26248
33888
34230
31516
20725
34504
29432
10862
24888
29140
31694
23156
30986
7468
25305
9885
23602
15183
157
1006
26707
33309
2730
24639
32520
15512
3305
15599
22066
10731
15862
144
8849
19884
28064
19448
20626
5470
31465
27515
16232
30522
1979
30296
318
28207
5334
21911
27756
1175
6669
5654
10760
29580
28338
32554
27966
5386
5711
31881
20483
13975
17814
24424
20679
18097
13211
15072
19785
9959
2881
24470
8111
9371
4338
15003
4566
28422
20628
7057
6887
11901
26552
9744
6955
8434
16404
29256
2592
24509
20019
8423
19148
12957
10347
26173
6737
5113
2576
20637
19650
19052
5863
19975
19509
15233
29405
13573
3609
23483
33273
21715
29386
24537
25744
20674
17251
4951
33720
19166
16852
30776
16894
8655
32564
5123
9308
17917
27736
3596
34661
27128
22692
33524
13507
4630
21281
12659
27875
1163
8656
25685
14575
29092
17214
15811
6397
7414
11865
1128
25222
11831
17538
28164
25369
19210
10723
17619
6992
30962
30723
16752
9732
14263
32407
18312
8125
6923
34460
12282
8812
10093
19362
11485
10589
30286
8043
11972
29031
25970
27572
12096
10598
21914
34387
33959
34539
15456
2946
8980
4913
3426
12923
28335
17491
16034
20549
33583
14013
27693
31949
5277
6880
24315
3640
19802
11051
31511
24184
19811
15926
22783
3869
11988
18752
3662
16238
13227
1073
27032
26809
32975
13798
9622
21735
2641
9404
22403
25427
5361
31915
7365
4061
28900
16808
19408
28730
20948
14912
11336
7054
26665
13266
1632
12348
8071
22268
14748
27644
9879
8275
6780
2607
9227
20823
30678
23664
15580
28070
12064
20844
20438
6255
22555
24051
2647
26154
8116
31823
14932
30342
18984
13780
33180
27299
8300
27320
20065
2038
19660
19493
15604
13498
27346
15501
18128
22380
20073
2622
25306
10616
17986
14390
31463
21745
23927
18744
23167
15311
24687
16671
31457
9188
10497
20595
20550
24338
30172
24122
680
17338
20774
25616
2633
2423
19043
20602
5926
24077
34713
25464
3282
18076
29105
14681
20779
8474
32801
30675
1186
23039
26568
20819
31619
10818
12569
21138
16047
29061
31100
11881
24235
32909
25585
31718
22046
26612
31991
6815
508
7970
5548
12614
32589
6009
23093
31358
33195
4048
10080
21485
2315
15395
25480
17299
6210
5512
24250
26458
27485
26213
32277
33518
7723
26337
13943
8142
7164
32152
6742
29604
785
30867
32491
32978
13010
21111
31894
9549
12141
22524
20094
2990
24192
16801
21880
12934
8487
5535
16938
32242
10458
26139
10864
34672
22514
228
3582
8177
2921
23499
3655
14384
12770
27720
23966
9025
21481
4606
10651
26477
29051
21639
33985
4413
22729
11747
4957
935
23097
32365
32689
18819
32174
32013
31058
27544
7433
30640
17359
4215
34800
30709
6291
1034
5326
8233
24589
11710
17178
21622
34318
29319
21213
33879
28018
6851
30062
1535
18178
34087
31616
18395
20377
16693
9311
7077
14726
25358
29303
1005
17714
18823
10518
11134
19715
2686
22387
24095
18559
31087
5358
31815
2741
31810
21145
2646
16344
8807
26104
15439
28206
12837
12549
3537
32296
8239
2935
5706
3539
9593
1562
28007
4975
26441
14949
13263
4956
26001
1963
5136
1906
9084
4588
20441
33881
15943
25529
11627
18237
26194
4078
22858
23208
28279
6863
4152
27560
26010
21886
9571
27904
28289
9849
14558
953
18918
15204
12878
10089
18123
34825
21478
14480
3342
13981
31125
5057
30269
27972
22653
25319
26795
3288
21160
12857
26820
19686
13046
3167
21661
216
466
8662
32208
21277
32582
32661
5510
24475
11364
6385
7893
7690
21383
10430
23373
13191
34785
11703
26061
19011
6774
34336
28571
10815
24528
28329
421
20307
32245
1094
29793
8309
22166
19229
746
11320
24969
33807
12880
3731
2938
19387
25175
25572
27869
20496
30560
27956
27942
6913
21151
18877
9789
1392
34122
1183
7212
24000
26097
7709
7451
7316
4110
27254
23935
23453
33245
31443
9358
8835
19565
25555
1997
30608
2551
4000
7630
21709
3696
31788
32717
30824
34394
11962
21178
5209
30687
32929
34595
8517
23072
10572
24658
22691
14027
10630
17021
6685
2539
31732
12605
16441
21509
12003
4673
10296
4704
19269
34884
28991
4516
11509
31292
14004
20135
12355
6869
18923
22915
22700
33821
12034
28396
21737
1955
24841
15296
33836
1258
8550
32480
24742
5246
22136
32063
29516
32964
15739
31800
13531
29222
29612
13861
32793
31453
6829
32045
31070
7542
7210
32861
3924
23170
1162
26362
30971
18064
379
13846
21744
15448
24641
13410
19950
32569
29322
16451
26773
25062
27425
19496
24170
17756
15965
29978
10784
33815
15642
26517
2323
7557
25184
34454
30240
18
9279
35061
154
15719
19453
33013
10842
22021
6516
33306
23766
18006
13749
22842
31302
4878
14577
2775
19963
4045
18330
2988
5008
31825
2757
26502
21104
33258
34771
19029
4760
9518
2008
8067
20127
32749
6939
15236
18163
1533
25543
17327
6757
25277
208
18508
18408
21926
33460
17646
32149
33635
6570
31491
22771
11765
17524
23209
31862
21901
3019
28099
7749
7236
31672
31052
29760
4620
4017
18668
8514
31975
10756
2275
34723
29015
6777
20896
9474
20245
30770
2836
23361
30213
21207
34886
19152
18282
32496
8869
8751
18263
33170
22280
34478
29286
24382
26874
31352
7083
20998
20564
25551
26347
10993
9490
6553
13066
25249
1674
6428
35011
7475
864
18694
24988
9575
15517
28080
23320
8961
9507
331
10798
4207
12363
27996
25338
2067
2321
32076
26803
7779
15589
27939
6621
188
4143
14670
3263
7940
6064
24510
28696
18815
524
7404
25614
22435
25906
31258
24423
28015
19403
4315
489
29609
26548
10197
3433
15047
26782
3270
26890
17680
15815
20421
32291
31743
34251
17355
34655
21736
12476
26737
22140
10461
34932
8443
16196
17363
4906
23702
11967
28417
33860
5086
17063
31369
12140
16291
29980
35418
12774
11501
12441
10837
17953
21053
24615
28079
30092
35350
20432
7574
7338
22204
2672
15127
30057
4924
22822
22591
7088
13740
34696
3200
16439
34484
21016
34903
32155
29262
33146
3116
33714
21961
30536
18042
3356
28436
28751
23855
21274
20793
14076
1238
29603
33320
23057
21491
32181
9654
15260
5934
1357
23013
3114
32436
30027
10342
34360
5211
3176
12636
32234
124
17577
29539
6400
9670
3551
21713
17157
11593
5662
21052
12745
12399
4559
30268
3602
1691
1197
32369
5263
5866
25856
20936
17165
21093
7465
11259
26093
10716
23036
8791
6614
29100
24435
1210
5543
26754
34706
26108
20656
5315
2088
14885
22817
908
5973
29312
28354
3252
34548
14198
13797
33209
9243
804
5786
26715
13688
14459
7201
26660
10367
7878
26789
19690
17081
402
4391
17142
2706
14622
30136
7782
16167
10750
27115
12752
26718
27260
351
30760
25911
24268
1797
5604
14947
25261
21815
30045
16353
26863
30651
33401
32280
13362
25023
2322
24867
3312
21350
32106
13932
6334
1645
10490
10364
14030
17679
4007
11537
34233
12240
33120
6513
261
19806
9651
20735
4287
12621
33333
16908
19550
27555
16420
9455
9250
1046
2846
12632
17871
1011
29734
15841
33636
27518
26439
32230
1762
28533
15352
642
8126
18174
8226
23627
29836
6993
5997
21784
15516
16709
27561
1817
26064
3777
31853
11053
25630
9331
12797
11777
23443
32709
6001
2401
11160
26893
24596
19214
16245
4612
23563
34327
18451
30842
8247
27245
17158
24904
25948
30677
1962
32645
25218
22598
11341
257
9883
2724
7598
20702
13671
21957
29253
11701
27541
14502
30691
22425
28203
8092
10587
1177
10535
16058
16961
6574
2541
33918
16369
9514
7622
1176
617
1248
27528
35749
35550
29247
16888
1714
11867
27957
35151
11085
8684
10757
35032
5701
33484
34698
16466
3895
3160
5954
28822
13224
34255
25600
2204
28455
15702
4321
25332
12765
13375
25729
24450
30054
24714
5231
26058
33759
10156
25822
35710
13632
63
28829
7043
5868
6876
2861
22866
12679
16757
32705
5022
24840
15941
29914
18999
29455
33084
29268
27438
32632
23700
29709
27450
12080
32858
10613
15706
25927
20266
34626
28092
32327
2086
8549
25566
6597
17049
24892
4083
8757
5561
1415
522
34563
19244
19875
21863
1795
17835
15211
32955
22616
18780
33666
3958
22188
12629
1319
2291
26846
7772
34761
13776
1907
33520
32837
13872
16886
271
8140
3836
33001
18989
14595
21915
655
16395
21442
10450
32062
14507
33294
33253
16804
35614
33096
8447
3457
11907
31651
6355
13516
17098
32220
15748
35888
5821
29989
31426
30375
20288
18786
2940
29002
5079
26519
6945
4456
25706
20641
34880
10453
31813
32805
24818
33924
26211
16327
18589
2733
9964
15004
22349
13112
7676
25825
12958
31330
34726
35821
11741
25345
15673
8804
13674
2461
7105
234
35168
18978
13265
29095
35704
14411
9856
5016
9259
11810
21426
30055
33559
17369
15769
28682
16036
4682
17787
7233
1952
1819
9653
29829
24519
30251
19712
21307
22110
10677
32499
8494
26018
9239
24009
18492
7748
34889
1008
15952
26072
4003
32659
15504
8503
6827
35217
30423
24097
17452
33486
26469
16423
10888
13553
33493
13512
25422
34077
26704
13019
19727
20083
25089
35117
13166
17881
18888
32874
31095
19194
9779
21569
15922
19086
5034
18371
12151
5596
19945
22796
32515
21373
28084
22566
338
28002
11973
25898
8594
8217
21002
6568
14519
3915
28685
24905
20560
33674
20404
17843
33
13641
5418
1615
4853
18732
23837
28548
14308
24963
6186
26285
15610
26897
14997
23723
10940
31505
5182
15668
27678
35963
25808
11663
9300
14979
32828
28480
5861
25186
5990
21991
22017
134
31005
21606
11028
17396
24401
25922
28059
24461
7296
21068
15415
10512
15730
8064
19455
2853
29478
7469
16923
27851
3329
25942
19343
15649
27509
18520
884
25068
16967
27854
5805
14388
25589
9906
1932
14191
17582
18885
3651
30466
17877
31536
32482
11525
18866
18027
16446
35398
164
2559
26288
6033
19237
35782
28175
30767
11935
5595
26054
13741
21951
6704
9001
30943
35736
9946
28169
21539
7069
4564
23429
1652
1834
21666
19236
17013
3207
19253
14881
10205
20711
23055
24838
5974
15235
16295
20348
16564
27300
5391
3238
17711
15159
1970
28700
27235
1744
26406
10030
32411
22148
2848
6921
21070
26393
26090
11044
27370
16378
31654
2828
1430
33680
23431
3223
10913
3726
29633
14208
24505
25707
5949
20817
11257
16405
3113
30255
17096
7396
3549
16464
20316
19404
17337
493
10294
26840
19024
27916
23531
2007
31109
7537
31530
435
11792
18324
17403
36014
385
29121
4677
34012
33196
23226
14739
5571
13061
12810
11287
9819
21833
10902
4848
13790
15135
7029
15272
9013
12571
2717
32513
34991
3232
32814
34033
32761
5616
5659
35307
25163
19391
19943
3249
22751
19878
19142
29062
20903
26658
3374
17496
11327
35760
6953
18910
13089
12594
31661
14254
13592
23957
9005
29107
21239
34993
23343
18477
21898
27504
3330
22265
8141
31027
8091
27155
1026
34929
6557
35673
27947
28321
20917
7569
6263
4955
35632
10414
17916
3058
36039
1867
24937
9988
34744
34185
298
33165
2788
4326
21475
1071
23924
14765
2097
14848
16005
19812
33595
21334
33638
29332
17845
20044
17111
15820
30955
25234
276
6120
21721
20606
10346
22931
3856
30897
11978
3187
35942
1224
6300
7973
23276
9328
20629
29840
34848
9454
34380
16477
10084
25501
3286
18111
7343
25321
33887
7952
32643
33692
8765
13333
10783
741
3576
6531
18677
20964
14986
23234
32350
3769
5207
9968
28301
3392
15247
32297
18369
9412
22169
17414
6847
33422
27759
23395
6016
23617
9976
12134
33319
2893
3986
19901
29750
22493
31213
30246
15872
888
4384
17205
31842
33434
15094
20562
120
11087
17801
33025
6376
30796
4883
19814
7733
36209
14336
14344
16272
15900
16200
20693
31423
12
35067
26982
17797
19208
30494
24197
16666
31739
23733
6892
16856
24673
25377
14160
32567
36134
22956
23454
32763
12876
9059
3740
5804
30093
14116
6196
33351
24642
26103
22885
34611
25731
23457
16282
5238
15760
36215
13734
18729
12143
35697
14192
28201
27095
26495
27636
14352
4685
10016
8330
25956
14733
29488
35179
36110
119
31233
1150
521
346
3583
4894
26987
17325
6316
15584
15216
16444
10914
21139
1590
12170
20347
8776
33982
13508
9913
3047
29985
7948
8460
5709
5513
18647
29219
27169
11841
34451
1312
482
33098
26766
21781
15369
34639
21523
5444
33217
30939
14294
16455
32852
30666
24465
7932
6396
27902
10992
33654
16971
568
11179
1335
14189
16596
28401
5091
11438
19247
30221
3391
11579
3652
8772
25299
34349
27336
6140
27280
25283
28448
23844
17421
32239
16428
14031
13
36117
29264
35362
25695
18447
32652
17521
15086
12916
31660
36517
20506
35354
22718
20449
30347
32473
20425
17253
3295
6034
16828
9650
2924
26736
9381
15598
12189
32366
20771
16523
36097
9242
17438
25636
13340
25496
10421
35239
5427
27113
15992
24249
8813
12142
28632
26966
14819
3913
11483
18360
30198
35393
24085
10107
22501
20304
33747
965
32927
10457
21913
7180
27605
14227
30159
7868
24916
26862
36279
12181
4242
29781
3281
27126
35462
15792
3631
11189
36285
16686
26885
32519
22699
27713
13753
23456
30271
34794
23314
33563
14522
6198
7285
31899
22208
21769
32459
528
24239
8218
30328
32387
29745
7231
12689
36644
35853
2529
21065
5191
6723
19700
11693
36120
1616
3771
3641
5225
3710
1384
23755
9996
23958
23439
1561
10624
2842
15874
14970
28881
8919
17699
20194
21177
19256
24623
18093
33035
11945
2062
33649
13393
1236
34947
34877
27060
2745
1791
115
14365
20503
13420
1653
32922
30940
30187
24831
32259
15738
26633
26691
30685
10353
34833
9948
7294
978
29357
11614
18034
787
29797
35267
12574
20973
2648
27163
24739
26935
34425
22399
16646
10727
36197
147
16525
3763
24147
12413
26988
6552
31907
11153
16032
28200
36077
12877
24604
21537
14914
21004
14883
2208
32949
12839
17397
8546
33050
1846
4525
23482
16910
34660
15722
31875
33336
1422
27565
19781
32718
26113
28418
17006
22874
35785
20195
30370
27582
18719
13785
28754
20853
34079
35556
26000
26397
28037
14877
29217
31026
32101
28826
29652
32541
23581
20370
33043
34669
10375
23233
11704
14692
33907
9742
4642
36789
29780
34412
18567
12428
26425
18942
21643
34511
399
15230
10514
32931
20677
29919
16467
5939
34209
17713
31279
33709
9105
11718
13504
17804
7861
14995
619
24093
12987
14808
4040
25916
13466
5892
28288
23391
11395
23763
24566
23767
19476
8889
28658
6738
5328
27011
19488
15011
17100
754
3804
35270
20394
8781
22706
6430
8651
35817
23394
13570
15297
27048
25285
21368
32771
34418
30517
24640
23781
17055
13752
35349
29895
27484
777
29999
5772
8529
6575
30476
6734
4737
34882
16240
30287
3778
29200
4779
8243
9100
26602
31002
36461
35014
27652
3169
28152
11904
30029
10038
24647
25515
15612
30993
2379
5169
35435
17988
22242
14736
28969
5109
21902
16072
13643
18100
323
23416
18946
30393
27732
10820
7795
22893
15784
32377
11458
25645
31199
2131
32624
35914
17041
15424
8424
18516
2719
28670
10580
13976
31419
25482
24245
36071
8694
2312
702
13721
16094
98
28081
297
15510
7384
10405
30980
32856
17931
21287
2838
33570
13207
12360
24451
2725
23716
20644
19045
13468
9612
25147
25395
19197
25733
12924
4457
4333
6529
5795
5672
16535
23890
11845
5245
11105
19474
13353
28390
12646
2900
20826
7698
19751
26673
9850
25833
34685
1242
32601
34252
26579
146
1383
23838
13457
5578
32934
34051
6107
29569
34883
26215
31868
22453
8422
23363
14109
23736
29351
17947
20411
7143
23940
4180
32600
33930
33969
21636
13808
6651
9263
13586
15534
23819
25760
10592
18528
25761
1623
32573
36905
27044
21690
6240
15477
18971
7866
9898
16946
18323
6598
32172
32318
2273
29132
7529
9499
34409
29075
23133
23274
15231
31309
18110
34711
20619
6511
16641
15185
21074
12480
19360
14141
25522
25776
4635
28267
35534
17644
16189
4873
22891
25391
34976
33750
29850
19547
4979
11738
16280
6088
5755
13909
11762
32988
23896
2602
33004
16092
37130
26187
29732
36609
27059
4229
7539
135
11678
9284
33812
29858
8577
21512
13064
35978
19967
19309
19128
28504
15985
27900
21981
9721
7398
3543
26013
2650
20328
3475
14582
5262
31362
17976
29536
24645
36095
31578
9902
34237
14579
5098
13366
960
32256
3256
18737
22398
727
25578
2093
8428
27628
6633
17153
20174
30119
17434
3864
28651
10103
21679
3017
24110
21105
2765
36174
36019
7434
34612
25389
31778
30242
5955
11644
18748
14657
17442
4406
35251
26656
32821
35559
27455
7531
963
21707
18670
2081
4253
22970
3366
9229
5084
36645
25443
25055
19592
4918
16500
13662
1004
35510
32935
6961
11321
5677
33903
27596
15372
8779
27858
20209
46
6022
7288
34934
36548
3427
20226
33352
11903
2640
15005
14256
19230
26330
28630
26069
8379
1272
27568
9603
1702
4142
36851
21034
29875
10387
30152
25130
581
1019
696
5197
17364
20364
18112
5781
14722
3119
8113
35385
17586
682
29366
35050
9949
14679
21294
36698
34176
35859
17038
28927
7882
7689
10928
14613
4271
13044
21101
7394
20388
6903
32877
25405
34041
3962
3430
25937
6059
23525
32164
35999
33988
26641
27184
29250
14209
30053
1151
33655
11199
34201
15670
3515
5296
7522
21891
25080
23506
6041
601
20604
35874
13209
22585
23240
32141
3669
8987
756
21671
6683
12162
21890
10911
10483
31795
33344
29043
24012
28976
23347
26720
1971
6097
1524
13469
12007
6422
2303
1937
19658
2867
25985
764
10615
12174
36343
3772
32976
19838
16062
32734
28127
32756
9450
5674
36101
18406
31597
11545
35156
24361
9110
13387
6457
21127
9943
16376
11870
33297
2766
11234
23758
31670
30839
27272
15707
25621
1122
2410
20285
24976
34942
36024
7419
15778
12000
19277
10383
12402
21584
4162
4194
35496
23976
11368
12772
12671
4869
23595
19344
8475
26827
24200
26095
26910
23017
34113
33803
22390
14174
27882
24951
17784
37116
21150
16694
15155
7019
29168
9176
23806
14194
32548
10470
22356
32370
37280
3397
15586
30771
4765
35397
35549
24035
33826
6771
18329
36444
13363
26191
4450
6054
12358
24264
9056
31165
36086
18519
3931
34452
22011
15145
14515
33625
14938
4166
11478
28411
18649
21335
1677
37354
20662
16965
22527
15134
15000
16547
25681
516
28102
8433
5475
34738
5527
33398
26989
6219
23338
29735
21664
32866
26454
16074
29369
19087
16612
6747
30421
35915
23292
21167
19847
20401
26590
8023
9512
1240
2777
12999
20590
34410
35938
17592
14144
24201
14278
7114
18889
30253
16544
23150
10700
36061
14826
4867
32311
21404
24364
26431
9466
101
29938
14033
14105
21776
36221
29
4864
18966
2963
24359
24856
22293
20079
13931
18071
26419
21948
36364
3557
20715
9410
25844
12667
14
34205
12316
37461
6406
17816
25588
10989
34146
26529
4549
5558
31119
23291
7124
4643
104
35379
1596
768
1629
22101
11987
14607
24761
21087
20612
3857
1900
21238
20864
21078
12795
9816
8796
10813
18775
34962
1220
32853
24376
10227
30354
17798
18615
19904
3873
26464
22003
32553
33722
6320
18521
10876
15032
34897
32290
13465
28281
31301
30492
31398
12763
30468
5806
7172
35340
34068
18198
8321
19439
8410
25078
20175
26818
3434
33295
18229
28157
9016
8780
13956
15485
15855
11778
13645
15073
12805
26230
10065
34613
35180
16800
12089
27598
36399
9774
35463
7028
1489
10444
27085
30919
35878
11939
2707
27867
23901
6431
36032
37158
10846
24310
9770
12444
33883
1603
17710
25624
14290
13502
2330
19966
10665
34591
26647
2923
35452
10372
14795
7900
21558
14592
9438
22670
17886
23111
26564
32806
20916
13680
18378
17425
12669
36345
26629
12895
5403
34316
35976
16163
8032
30720
7642
35357
9508
35107
32936
10134
25237
22967
4882
28812
2375
30266
30235
7695
21933
28139
16302
13291
12254
12937
34236
32391
28987
9566
14844
10253
23895
30076
8644
10443
29272
13127
11132
5850
35334
15667
14420
1996
37154
27087
11826
32971
18681
37635
26094
20497
18233
26261
18882
11634
10242
8178
14332
35920
9792
36652
32246
35824
36409
37183
32584
20952
15970
23960
23868
25468
10871
19672
12931
2299
5322
31957
14118
3624
29148
30177
24767
18779
10794
13648
21224
9730
11849
16692
13300
36148
37173
10603
14813
27726
7399
6620
33662
16146
5413
25085
37378
29517
7326
5529
30365
12214
28726
10960
34938
2606
27807
14687
14068
14518
37417
16161
19464
27365
31451
36310
2704
2752
30402
17956
1277
3593
17033
33755
28877
18753
4263
8061
19638
23955
15012
10494
3264
15513
10766
32712
7701
14265
21610
11266
2484
8426
5854
23826
18954
277
35295
12640
2404
35692
8078
11101
25871
16286
31816
30661
28060
1863
15736
26913
13377
19863
8880
19599
1231
7051
19705
31685
6113
13576
34919
2698
3010
22719
21488
23594
34262
29375
7037
35675
37941
530
22594
37665
37930
13087
35659
21025
33877
2840
1
34287
37769
33441
14059
31189
9341
21076
248
37584
14789
20046
11195
23772
24065
35581
26887
32113
23637
13382
13279
12110
23833
34671
2188
11125
15057
9277
29884
9079
9055
31065
18578
12529
22903
20472
7549
24151
10836
15035
36009
11504
3005
27604
9617
15394
3441
668
31181
30192
20077
16192
6954
726
30396
8337
16384
5731
37612
34110
33216
1117
7458
32555
4972
6447
6387
4455
2082
2477
31517
33418
21183
4967
14709
35299
8463
36015
5921
11730
11751
28334
33031
17651
23945
10045
36485
20350
7259
27122
31331
23659
16257
28978
10246
1257
21425
25007
35046
25777
20035
34608
30274
11143
21640
20113
21266
14529
36189
8458
35389
6138
12544
33972
15628
35497
19234
9800
3548
32765
4607
12330
29470
17420
32551
37543
24179
10797
13288
8571
33846
13986
14537
10903
4686
35707
12461
3823
3860
7350
7588
32699
31637
28587
12990
18696
28514
4193
30749
17772
25135
29144
30030
26388
8965
27241
21978
30007
16081
17645
15383
25499
35277
1077
13892
17242
5088
19501
35285
12518
23898
28172
18700
25419
3015
4151
26313
3471
4649
20280
15523
7217
27870
14549
362
32951
21505
37321
7360
11625
11144
37602
8681
10005
15505
6678
16607
33538
31713
27495
34473
20201
25046
1862
19132
14913
681
30407
33994
25791
7845
5394
1472
30238
37716
15549
4752
25372
29688
36982
28932
33733
1492
24788
7939
24307
25452
11817
5823
20246
10882
15087
20945
25649
22979
7671
8669
10021
7453
16323
18537
8754
10594
18224
16623
21179
30457
4589
4654
26697
38100
4788
13260
29907
10145
20363
1349
29245
26949
20865
14863
16670
15494
24718
256
33990
10503
20764
37270
32896
21370
10599
29005
23060
17937
6182
34053
2474
7477
15981
2568
24136
27771
758
3927
12572
28628
21455
22966
458
23812
30567
28917
9891
26965
22028
37307
14513
1146
626
8464
20697
8732
21116
17183
24941
5530
3413
5472
5670
28529
12229
34408
34593
21719
8978
23946
7463
13823
13927
7837
35633
29072
10019
17817
33067
19543
26929
28621
31737
37176
5933
7026
388
28011
11721
34182
33094
4200
5744
6616
32772
15123
17705
10591
87
19406
28093
23247
20860
20620
37916
35182
8940
32211
31741
34340
34369
4723
15301
28370
16038
9717
30378
36837
33957
32207
33304
33835
30374
34010
31315
34533
29362
12677
35423
11293
15741
29514
27421
29498
6820
31201
23990
26577
14899
31924
9532
17598
8042
5780
17295
19828
5267
35242
32126
20881
33065
32688
27183
36534
29333
6753
37313
25749
29113
26669
24367
36683
37649
37170
27000
23537
31014
20584
22525
35693
31757
36123
2116
22414
4618
10399
1711
20057
18001
21567
33778
30621
9931
3846
5528
30926
4645
20066
27136
11023
13472
22645
30563
22417
11167
36718
19223
36380
8586
22151
7096
3983
34690
4744
38413
22717
14362
18045
28136
14377
12126
16796
2025
23858
4441
32137
34008
5647
3540
30149
9305
5757
9967
24516
4125
36246
36142
936
34370
18148
31833
29352
38321
31986
28570
37404
8238
9843
36528
32662
8199
599
24560
12712
21722
8567
23434
5639
37114
20038
17422
35186
30228
3617
26671
5306
25875
15875
12742
34945
9536
2254
9754
28466
2691
33323
15198
30853
33749
25302
3929
18258
9853
651
35856
10317
13278
10133
9143
6711
25605
29943
4138
9809
10361
8398
19431
7446
17951
31103
5722
35625
1833
38122
28501
31373
33656
15166
2866
21524
21578
29713
28674
2586
6929
27056
23493
19826
15265
5811
2500
6561
15552
29141
11454
36170
6352
35843
1776
2624
33198
21683
28722
32198
7129
4699
23698
10017
29911
36306
24071
30641
14548
33866
35278
17492
27533
35262
27416
2381
10348
23034
25684
18680
11764
11401
13745
9030
14432
13514
19679
23397
1394
26695
16918
3714
558
32577
9818
27478
3086
25488
34557
23109
27836
33194
4299
5162
5031
12289
18960
30429
798
8338
19924
37029
7785
37050
19564
28971
35954
11084
38192
31471
15220
20706
18212
20090
37153
14960
14644
8596
31859
3676
14270
38582
16203
7768
4400
10434
31576
4791
31925
32498
34362
23970
35371
15630
18663
36369
16885
9187
1540
17329
22041
38384
25915
12076
15715
21602
31099
32556
13737
4342
3221
988
15186
27630
37831
20605
6681
10438
14903
36288
31503
931
21453
18514
37855
5420
15414
3967
23382
35924
19260
38432
26403
17872
16549
10190
22235
1671
10072
26267
28736
16843
29634
21586
1965
15571
24952
21056
3038
8156
21534
36493
12583
4059
16263
23500
6522
27065
23325
9936
2994
8040
1824
32449
21461
34807
30074
25456
14740
19671
12546
1164
29057
21652
19393
10054
11029
36943
3090
8650
7007
15726
23251
10285
32516
28562
27057
22325
32132
30409
23654
13704
20926
30214
36717
7614
23479
15822
32642
36537
32663
16179
16575
22073
30196
11014
28933
18859
29011
37193
10653
33090
15596
38115
13343
18761
14510
4396
3825
15800
22147
33335
19159
17413
5095
81
30017
22332
29265
11451
647
23122
5218
658
38104
25783
28194
37770
6229
15658
3630
36520
30368
30417
19062
7587
6602
25737
5287
7517
24181
1794
2781
19562
34105
22000
26595
34175
21318
2952
16172
32295
9802
31458
24984
23992
2417
8841
32402
16518
19067
34666
8626
31574
25081
19615
34180
13078
6556
28820
33675
7371
19871
846
3759
31178
15955
29424
7153
3257
15044
32353
7631
16251
24218
714
4487
25009
26429
31959
32716
18531
25661
12821
7650
1693
18160
37075
25502
38052
38237
26643
32973
38344
3575
36706
35992
37567
31983
4469
38406
20993
20741
34904
7618
25117
9021
3562
23839
21678
17946
9419
32345
9610
38500
2683
10782
8764
38093
38293
36428
26037
1419
18861
16893
15422
18154
37335
10945
33713
7123
32977
18218
23529
4774
25969
3697
1663
37883
9457
30216
4284
10866
36747
15040
13922
26039
25413
12652
30276
1193
28943
25367
11697
11210
6155
24353
400
3390
35628
14984
7432
4834
38146
37989
13003
33516
5835
1002
34031
1923
30704
37482
17235
13966
4609
10633
15698
11008
37148
37590
1228
35927
32102
29574
22528
11783
22996
25668
38194
25780
38537
35445
37676
35223
1888
3970
27535
19746
15786
36046
23535
5114
25390
30798
170
8374
22032
29501
24772
37637
4949
8548
792
30869
22725
34082
13322
31571
6577
20843
25472
27773
37656
7441
32390
4958
20013
23362
16157
9018
29979
15699
16862
6309
13140
25019
35049
13105
28709
29795
11039
7824
38799
9245
33681
21209
25938
37233
1569
6518
733
6816
38630
22845
9214
10467
23420
28125
11895
3097
35422
36476
6199
26831
7204
34718
14601
31930
4121
19529
18856
15747
35530
2338
12154
22025
23745
4408
18741
1977
13040
25143
21062
10218
38732
37693
12390
39027
35447
15333
2066
8925
20024
11311
36716
22221
4318
11674
18678
27474
17583
24132
11198
37669
21039
5732
23399
26160
19583
12946
28311
33870
26779
33631
29774
21842
4117
38598
25462
35402
20448
28391
10427
5998
12180
11677
2172
1328
14165
8801
15298
17291
411
28523
2376
28114
14261
35355
17662
30619
35252
6808
33696
25067
30114
32439
26377
29406
21176
29726
11350
20719
21533
11689
38405
25460
30555
22540
28167
7272
14096
20922
28182
1614
21990
6662
33353
31249
21956
15240
6630
4209
28486
13763
31351
10332
4515
2669
18720
17561
37262
20365
15919
163
9112
29427
14069
37427
37491
33989
6613
34582
5860
31598
16538
1214
6607
35933
23821
39019
10948
32867
35784
28250
31775
10076
35141
21801
34656
12049
15674
33416
9476
24925
4372
3843
11959
36239
16178
3545
37318
5514
8749
23141
26067
13126
38901
28238
5930
34999
36102
23911
4187
20850
20555
23999
21285
9899
10801
6618
16103
3070
5649
22709
10499
30165
23915
26372
18916
8260
26214
9662
10810
11829
9015
25051
3849
3122
612
22877
35269
25950
12124
37261
26424
580
8472
25223
15170
32503
549
23544
47
37255
2747
26407
23921
27964
9502
18994
11654
8665
26678
6312
13497
349
32028
7426
7090
16508
31698
26676
13731
6091
9526
12645
6068
8014
1278
25530
8029
36745
24325
13579
14416
26240
7215
1291
9784
15323
10857
10967
2680
23831
33868
6248
307
5582
21508
16226
15184
24940
26020
26845
38220
31918
37820
28024
5275
12716
25134
15457
36445
19370
15165
29337
34049
33880
33511
28923
35646
27130
423
37754
9160
28870
32336
28074
14197
13197
36886
12418
29678
10142
36589
7520
33450
2643
4989
10829
5590
31582
22984
15234
15148
15008
14900
38444
13541
14551
25835
28781
14445
37856
2137
17059
6969
20398
7657
15852
38273
1672
907
35818
37618
19163
28758
15299
31652
38029
17263
32876
35147
39213
27723
9256
818
30643
10769
21835
18276
9669
31971
870
32171
3781
1575
10970
9407
16534
11968
17590
12600
3118
11354
8482
18886
22251
34439
28176
537
6197
5567
15454
33347
5412
26463
11608
6162
1798
7421
39295
8166
16617
35190
38025
4008
12325
12972
5692
27842
5495
32893
13071
38785
24238
12508
3973
11728
11158
21031
3487
15371
12092
14260
24234
13675
26690
3248
33308
19837
11604
4329
32846
34259
21516
19789
30018
17401
16147
10058
29844
33706
38794
26311
11776
31044
13736
25385
15139
14458
31908
22495
31366
13129
11733
31474
7128
9517
30488
25053
6481
16020
16498
1283
4347
9363
31990
36624
7802
39128
33513
32881
2926
24032
12069
14662
20111
11114
22459
32616
25341
18219
20956
8278
27839
38339
36602
4838
23665
14320
38186
37015
32382
34817
2293
14759
12259
35726
11631
39270
20534
11623
31727
23880
38119
21450
15328
893
8647
1532
31280
34242
35526
6986
34567
14389
3554
38241
186
17770
4234
14363
33601
34434
3793
13485
28590
2585
14264
11820
11071
15095
16000
34190
1042
8440
27743
8657
10373
38278
10413
5128
4756
14942
34312
23105
19438
12323
35668
34827
13831
37621
36353
21528
22053
9542
33164
29566
105
7401
24649
25558
36909
18028
37215
6274
29354
6635
28692
2930
13274
25238
22603
5110
31071
249
23626
3774
9302
7369
34753
26537
6304
7061
3600
7758
30366
21132
12713
38749
35361
32628
4556
26610
4250
37485
25820
17476
21743
15745
32400
11223
708
8828
39336
9715
9386
37630
18709
8788
26634
38606
28239
21027
26275
11377
2617
36133
8564
1428
13193
38707
28227
1101
4916
23018
39558
31137
18685
6841
13700
12459
2603
21669
17848
16608
18892
20378
1770
37714
823
27200
17105
15067
35079
35169
24251
22194
21822
31493
26478
33597
24116
36326
39435
19750
29110
15652
6640
23217
16845
17466
3649
16205
14842
12081
28112
5018
14784
15124
3522
31368
22627
39587
13426
10648
5876
29515
8975
1259
5250
2833
11605
2339
31922
14944
28865
24733
791
5417
10939
38980
18257
38130
38590
8335
10233
27618
30648
23487
11915
14663
20660
24777
3926
19685
37046
34732
18194
39370
2072
36865
29918
12672
11249
38356
19980
32647
27053
18610
18367
22786
37372
39171
17811
13489
7154
20379
8926
7967
17978
6327
24885
6224
22965
3674
8242
3903
32613
32192
3459
6411
11658
38240
25577
6435
5156
35962
34120
25669
6546
33678
37090
35958
24331
18326
7322
4770
10390
35734
36145
16722
36892
24693
32455
25980
23897
6981
38558
37031
2332
2911
8738
30755
5184
8387
10022
2874
23144
18321
18801
37761
33606
21337
10617
9933
5792
37540
8302
34024
28914
22443
32122
12002
2796
12836
744
26958
1275
31580
19651
6294
22307
26758
29728
30669
34900
38738
12062
17957
8146
18626
13708
23586
30339
15930
3817
8047
38326
27862
39192
8495
15694
4140
15938
10295
38179
15425
29376
11130
36261
4821
27175
20676
13251
17032
14967
17324
31755
8759
8280
30916
18706
38325
2505
12562
12566
36441
13092
20932
18146
19667
4201
25631
5303
32957
19984
20921
25048
34419
26423
335
18654
14117
19028
13690
35309
1905
27440
39334
30125
11927
21340
37699
13038
14353
13757
10552
36423
844
23369
649
4452
11587
19723
23967
26405
14347
24429
13264
19725
7267
33462
8832
5785
29421
31954
26750
9578
23316
4106
23461
382
28061
5782
36876
4966
941
17379
32636
32093
23284
685
17703
1842
36048
23652
16790
14641
13329
22752
15076
12684
36280
5378
19754
16349
18136
7140
16186
5105
38637
10213
36752
2105
21614
25828
19845
24477
14246
28188
37574
33186
16319
16854
2343
17182
28192
34995
26606
30812
19449
2144
14173
15899
28187
26346
8654
33332
1574
39645
29461
7136
30557
2193
24399
12524
7221
2908
36376
1118
15406
37744
26110
1044
23145
28495
11318
23221
22491
24064
19598
6347
39656
8744
23971
30083
21812
2797
962
1064
23478
514
8566
31138
17678
27263
39113
20750
16920
14325
1010
39967
5607
34535
8204
15060
18713
36596
34338
13915
21674
23633
36702
33586
1432
17166
17950
11916
4361
38811
16548
31478
905
20618
19399
12346
19621
30102
11752
2481
34623
32741
38440
1984
20229
36746
35800
6006
4228
39502
29234
23512
29493
2288
29766
5440
7809
711
27958
37885
10790
2839
8358
12273
26366
6330
22383
37645
24269
13119
13459
33685
28883
24783
22134
7860
7330
4656
38987
25629
28462
16100
34764
9459
17955
38948
5902
23015
6578
36357
6230
9376
23375
19721
22083
32863
19949
27160
5139
26083
20524
17793
26290
26250
18428
7996
35709
33466
4909
6689
6799
16255
14050
24126
16985
3023
25628
39350
26622
4641
26653
16677
23774
13115
39374
13979
34401
7558
39408
8104
40036
16515
31082
16996
8750
20907
39393
13234
27557
23964
31882
15046
33473
26558
1710
36325
5986
11558
478
5839
3237
36539
3373
5487
37438
26263
37194
6818
31209
19632
39725
29640
38017
36535
14128
13296
26861
24384
14251
3352
37206
32804
26148
28262
1611
27683
38501
38752
34797
17358
28626
813
38646
33189
24826
24410
24538
14716
29036
14493
7620
5907
26060
18944
3049
36933
27174
38958
24792
15761
13953
17631
31480
36632
25016
3383
9904
28662
364
30775
32196
194
7903
18794
36079
6548
31110
7324
13852
31409
28124
4111
33497
23079
20982
4161
31496
22774
30451
24869
21463
12005
28556
13989
35571
6749
9453
8616
16889
10879
11715
25075
2341
26402
39831
30657
2865
12768
12890
19719
3800
3275
15937
33788
24079
9990
31699
36569
32834
1886
17984
29917
12243
35206
925
2579
34735
5485
4065
37722
35672
26374
23112
14875
1307
17247
37026
6496
16736
39873
35487
18047
12846
10031
7747
31811
34896
25351
17290
18570
40107
13025
17588
11615
34482
14266
18656
22327
39829
8786
27868
8823
3332
34002
127
39479
415
26546
11433
21574
9128
9690
17788
372
11471
21511
19852
12537
3977
14193
19779
39539
21932
36779
25336
1297
36446
14282
28536
13076
21771
25289
28902
1771
30711
30508
32710
2800
27885
19940
274
7813
24369
22643
27162
28507
4535
3876
36801
486
24975
24973
33064
27677
38059
19127
38323
2384
8381
39934
23782
24755
3623
13205
15154
30996
23816
2584
18702
23661
4510
17341
10314
1511
8161
20435
17312
26574
40264
29906
11405
38867
30302
4268
35679
22799
10001
39886
4244
33772
15289
35485
1845
30876
4432
4722
38247
21155
29647
35498
4020
7255
13844
27396
31028
1669
13730
15428
24887
10831
16368
7345
28566
20486
9687
36858
23568
12498
2366
36536
7985
25571
33081
15857
34014
18264
20196
19788
19758
28094
14132
7600
3810
34003
2245
14723
21433
39312
37979
25100
38407
6427
28181
38304
4999
20682
31970
29404
3664
30444
28595
6878
29507
30411
3762
33856
26040
19822
32431
7252
13358
30059
5749
3565
29935
10157
12103
30976
4463
39284
2837
7687
1427
5283
14367
15740
6173
16164
11367
26767
25986
3018
13503
11557
22124
20141
6596
16339
23048
16230
30739
17847
8208
34997
2170
25110
37570
12203
28393
18244
4473
8918
12372
20164
26096
13178
37494
23729
20146
13342
35150
37468
3807
24650
911
37943
20821
5536
16352
26354
7924
34249
2348
10211
27259
15009
30247
9387
34587
8790
9158
38423
19326
30140
35173
33348
31577
10117
4647
35335
28481
15551
35968
9611
28351
36510
21332
37948
28838
22908
21120
33764
13732
15646
17733
7547
28952
37433
35092
7168
327
5851
16711
11072
36610
17968
2318
3284
40091
97
15788
12357
27733
3465
1295
27492
32301
16746
37804
23804
17671
29817
21804
13555
25409
13805
37348
31762
38286
35460
19240
16303
16386
25039
7890
8329
4248
15417
2934
18675
28893
3815
148
36405
6902
33047
40288
16687
35078
32822
13636
677
25374
9360
16844
11365
12531
29887
39356
7356
15750
37514
36681
21165
38111
15791
30672
25528
26972
29664
23496
16562
236
21003
604
520
36527
39646
20703
38963
23409
34443
4563
11213
25494
16328
737
452
27617
12826
21301
16021
5172
36180
19552
34570
24803
8794
27562
13974
12674
32043
86
230
8964
24607
36070
36934
34629
33901
30281
30137
34199
17391
13777
13677
25365
36906
6915
7516
9524
23177
39095
34217
17051
20969
40278
11276
22069
39258
5784
12011
34948
23588
2371
27240
4950
25353
13716
22008
33536
36554
14980
29449
3961
23533
39830
36585
7753
21436
25205
23523
12819
36497
10410
9643
389
11089
16657
9468
1465
24631
7806
13951
20745
35027
36092
30959
39692
6311
36198
38523
30088
32511
3797
15723
30131
9738
3143
35847
3105
15496
35317
29620
11175
8892
9590
22369
32150
22677
39547
5183
554
26743
32361
35609
29114
28479
39997
1839
7901
4667
4165
13462
22150
36371
34578
38439
12280
5478
12582
21648
13903
3089
39153
1664
28440
8081
38275
10132
14318
36028
12411
5435
8083
22436
475
16003
21823
28528
109
18107
7066
3914
32795
924
906
26895
40243
21124
10904
12998
16320
25675
8317
7093
24914
38659
40333
16792
25401
30475
11191
28366
11768
37934
32687
34630
25847
13955
1121
23918
33400
23185
29662
40369
28620
2394
5995
12538
28103
6424
18875
10356
24945
35586
21754
38549
22782
35600
39982
31066
23809
31376
23194
39380
25052
19877
32738
34019
28027
11490
9058
7364
17730
15207
16836
9923
14403
34893
30930
31452
7564
12101
5966
13923
16289
5496
34926
39062
39391
10177
37925
27486
13633
15081
19007
40149
16142
30578
27220
37381
23730
12136
30545
38643
27571
3024
38676
36828
32231
34972
36918
20414
26085
24120
23080
5667
26553
5483
29570
34296
4753
21341
29335
28717
1156
7842
33869
31449
23670
2456
19756
9267
667
5924
24756
20105
34229
26930
17140
35714
6374
16492
10328
11431
15167
36332
26563
3407
19231
37591
4663
18628
37596
34862
26799
37965
16077
14650
38509
10984
29948
40238
31378
25846
5515
13320
24114
19468
18223
10936
22668
32831
34390
7807
20704
33439
6433
30635
5858
35073
4411
17224
26408
16130
13001
21626
27538
38984
18665
4258
37446
38923
26504
35756
34992
12756
32921
30130
29300
7755
34824
8797
12038
34970
34289
38317
40309
3720
39185
26811
4690
37697
4743
4872
29963
4925
27530
23178
1789
28837
25373
18494
36225
8521
14082
20384
7353
40024
27820
6571
2979
27899
17450
2159
24967
29467
31834
25775
9663
5450
10073
16997
25601
34665
6101
8604
17709
33264
35591
20646
16480
17901
13267
14456
8645
39339
35410
37970
29614
27143
25722
19619
32227
40055
39804
31015
20281
3847
1142
20050
34151
37171
4238
31217
4939
17666
12784
6639
9271
20145
33576
33045
20633
29863
17778
32310
27835
18487
11360
39178
7856
37995
39788
39289
36447
10752
20966
4977
39748
11441
37681
7137
23573
17849
40751
39079
2632
24467
6713
10684
25296
703
27093
18977
8038
36187
34402
28225
36874
26616
35861
12560
36710
18699
10472
33519
26687
32158
6129
16336
11472
40150
36976
723
1654
6538
26253
2148
22191
40612
33731
18796
21921
9456
30966
40464
22138
21650
8323
12641
12635
54
15447
17323
39276
26991
2817
2506
185
29529
40866
28236
12036
12608
15901
31439
33057
1564
34158
38064
2077
32189
15795
10726
7947
26237
36467
33579
8817
17107
4576
17502
31318
11058
29711
2130
40217
35616
39202
14038
22218
23354
29381
34968
37128
15481
17566
17093
8911
6439
4829
26771
2186
7696
20018
5132
16010
40371
11316
37818
40781
33958
37159
30719
39074
35004
36390
22980
35988
30629
40623
22744
9413
31048
40095
13052
34309
17673
12381
17220
25123
15431
37205
37056
23555
36393
10920
12380
29169
18587
30753
3399
1796
31379
2786
28941
15848
19353
35202
36817
40454
11398
16488
18073
2027
34188
38169
5697
34083
34166
3534
19220
8392
30257
31787
31359
3398
14988
11389
4058
21553
22844
2212
33875
17490
14627
33033
10320
40911
29394
35085
9620
19350
23372
6336
32224
39789
7905
30747
11563
18825
27722
23857
31996
35932
32635
1656
10008
1153
32023
37145
35677
19951
13726
26144
31982
25292
35037
19559
3866
5023
29038
21422
26196
21357
27006
6537
20599
38251
36050
6760
807
21088
39948
969
2763
27281
17707
9255
11218
3728
6201
31204
36998
19414
7545
34818
21020
40650
26185
1582
6956
2627
11893
21580
12634
14258
28836
13476
3909
19300
15334
41304
36633
25295
27461
30682
36408
7111
10315
14107
12790
28867
30405
27719
3776
16011
11719
22447
33318
40308
3029
5791
3481
34270
6164
39377
31215
16014
15942
41241
12976
28673
16718
21347
26156
33279
25724
1553
22298
343
32226
37866
30412
8395
5066
20904
39184
39609
22941
6405
40788
18420
16473
9496
24333
17116
17381
22308
18265
29225
2210
19137
35298
14825
39188
18325
19206
1436
17977
29591
40246
12656
36601
1414
268
9090
26485
79
14337
22790
29013
35854
20461
19311
14861
26506
23824
33987
4693
4501
13536
41130
26400
12548
35716
25541
13120
19928
28145
23872
33541
20320
10067
18091
39063
25270
38318
6350
41409
36616
12741
30234
40694
37008
20027
8597
15250
24518
20984
39228
31587
5793
29134
23610
24936
14154
11612
11324
29656
23059
37683
31650
16742
33704
36920
34507
19396
19075
20042
18475
31590
11735
1326
29342
32904
33406
26756
2891
8284
11314
33421
20974
4776
30465
16745
31488
24652
9467
1174
22007
13030
33838
37653
28004
23527
41172
18094
17785
19848
53
33463
12828
11243
1365
35045
1658
10260
19392
33041
11102
35893
5393
34710
33922
23854
24732
31483
38693
7216
9599
19666
10141
15473
4039
23007
36271
24845
39757
4852
2920
14060
36723
21566
36863
40664
19129
41426
41109
39841
31293
36394
9820
30817
12095
19932
7498
9220
23693
35274
36560
26120
8221
2180
27607
20610
17827
26585
31658
37730
19323
4683
41246
38135
14950
30759
5119
29622
26525
36017
26456
3213
16351
39446
22558
3255
38575
7260
16878
12678
7751
27935
33834
6941
2499
9858
5486
8992
16590
20811
39550
4802
4796
31558
31077
26802
8455
7513
27709
32268
4907
31051
14378
17118
29325
5518
34253
3488
13295
30016
35862
3161
23313
14401
5384
29846
4129
8385
35494
23635
41337
15996
37202
36278
8855
654
18137
10020
12747
28734
14056
17762
31057
27496
1358
18079
35887
15243
14481
16053
39273
21484
20161
32940
24437
37498
17545
24959
2287
5991
36490
38947
6545
27573
19279
24262
28244
32721
28963
14677
9228
37629
36389
34112
25842
15056
20126
7418
10926
18851
7417
26075
3205
28406
29588
37983
31182
6356
10207
18485
5608
11750
4022
26265
26352
10558
5642
28452
14695
32276
4480
1065
25912
9533
1871
11567
2873
37706
18831
8768
36848
18351
9718
18707
31400
22309
26681
37598
17670
30028
7653
12863
27304
16789
17559
19388
5469
4167
35171
34136
6727
2965
36567
16661
41525
3838
26359
24758
7224
29855
14639
5964
41438
9207
18151
1314
36669
28992
40536
18225
4196
337
28574
23845
32338
23939
14350
1531
6782
31328
14281
39915
25387
39037
2358
19636
11245
37219
21724
30558
12239
12952
16935
14143
4561
24770
3789
31194
40364
30224
3448
28766
8746
24534
2304
2397
36879
16247
39089
6512
102
37512
32248
24932
34476
9778
24514
22578
30534
4206
10228
31917
40989
29946
36127
17399
38751
37978
23312
9337
11355
29277
10658
16751
29936
36531
30167
28583
20294
167
20775
30597
11197
17440
39704
3254
13091
3345
30991
6718
40234
28400
32870
1648
19225
14224
2897
14071
31425
3956
19607
811
2969
18158
8011
6517
526
23639
34373
22098
20321
28821
20505
3561
32840
17264
37457
14121
17655
128
12578
38636
23168
14833
16987
34150
30252
8313
40877
40521
35440
40204
954
19670
525
10381
1832
1059
40918
31752
15306
31738
34759
24398
34863
2191
35220
22720
10953
7662
31888
24248
35747
32825
36912
14372
38394
9183
19135
20596
19604
31733
2504
8721
30803
24484
30207
40960
9481
28230
9546
13583
69
41510
21472
21293
28688
32902
13192
24664
5357
4513
32342
12960
36921
21892
17185
31441
26476
8643
22072
16978
34330
17921
14929
32845
3821
22077
38338
35344
38601
220
34804
25268
33464
15966
29460
11772
33381
34119
36363
1815
12317
37079
21169
22282
19085
37847
7976
10048
26328
24241
35329
27523
35047
26231
31316
36888
38401
5896
12751
38789
3185
24366
33468
29758
29809
31274
35019
9601
1199
37108
7467
39807
32583
41182
26121
9916
19015
4536
26731
30392
5194
19995
15232
27599
38308
15199
9794
16478
21750
21740
10380
1745
3400
12091
29834
27895
19424
13075
40045
17286
9118
15255
6076
27550
13394
1985
4225
20607
41742
33715
39059
8037
33857
11493
9247
14078
28921
38591
4476
13160
16097
37396
15459
33726
34067
1567
24646
25637
7304
31392
39266
26065
16040
37175
31751
7113
618
32079
28496
22299
27786
6904
16798
18407
22157
2099
24900
38103
25485
16033
36228
40830
20712
40229
37819
4617
9222
22958
27864
34065
22658
38490
20242
15914
38235
37341
34779
20060
32938
39624
12815
37208
7351
18444
40050
41005
16243
8598
29785
41251
14857
6897
34983
20199
19507
21161
14587
6190
28849
20005
25896
36611
7307
32711
7550
21083
8535
12688
12231
30090
39495
25720
19820
2927
6824
17147
8119
18588
17180
40148
8397
4309
182
2522
28502
40941
13803
17191
39565
37134
5354
21711
14366
21827
10719
25713
38468
6417
14492
3162
23475
17657
40549
17639
41421
40916
38353
8388
32536
24190
10672
29808
4605
247
22871
35230
31609
34006
22328
13096
35544
21320
7045
40116
30883
16152
38455
9696
1548
26977
11898
25149
38791
1992
14379
23195
29595
2179
24244
29576
6004
37657
32599
40211
39746
4831
20345
12246
35576
33771
15681
39731
16452
15967
2783
18653
23965
18379
33077
22938
15682
39878
13323
40776
37675
25013
22209
30750
4514
16947
19093
28469
22471
8030
8530
17991
25635
19056
33828
5152
40891
555
8950
10192
21817
41754
5171
28753
3178
32420
23810
8565
6072
26914
8319
21376
41607
25491
11600
41976
38175
36940
35099
40242
1480
33182
529
21395
1356
9352
5629
6637
24491
19897
24617
14727
18463
9208
41048
40472
42132
2036
8668
29205
20300
31548
27880
14062
6267
30416
13056
39087
24997
32438
2575
33414
32190
33302
36937
23680
31282
9752
12206
22163
38062
8179
7488
3236
2868
4836
16625
20795
10337
38888
3079
34276
37242
20446
27012
566
32776
26550
41720
17613
9528
12344
20663
38969
15993
2190
27593
11412
24112
37224
29663
39839
11437
16278
22500
29285
118
16121
19668
31937
37955
4382
34513
27168
38818
14542
2774
12168
1418
38539
31841
19162
38975
39836
19742
1766
6099
39902
28453
912
13149
2274
8528
34677
14737
23486
9972
24220
41096
7226
33193
4799
21284
7053
27497
14417
13614
23509
30815
30918
40777
30616
33378
33116
8608
35752
33482
31966
22516
29628
16002
21591
32546
36328
9574
26652
8957
23490
40368
23052
19266
16068
41239
19735
29675
21489
30615
15869
41349
4160
27629
22872
26581
6299
15396
1956
25166
40741
13668
1377
20101
2547
16907
18196
10981
37544
40446
32668
11684
20970
42306
18751
10229
7428
6541
39927
4001
16533
13699
6521
30735
35656
39367
19784
3809
34169
29902
24036
40485
18650
11411
41823
12504
577
9701
14106
33808
40820
31421
33790
27812
25725
27343
17597
36106
39905
14943
14170
19147
30295
29526
1879
3415
34628
15509
8396
17998
1660
15241
13562
868
20369
13312
40551
9608
17058
23099
29681
3831
16402
35652
9576
20519
19909
3101
39180
13543
5289
19338
22088
21172
42111
17208
12093
7585
40054
37631
41824
40971
17306
25469
40614
11642
2696
39762
41982
32868
28919
5406
33055
984
5761
20538
28549
40471
23560
14464
18102
1880
35986
30190
41930
24611
36436
31568
5102
26351
38055
9464
8027
21672
11254
4703
30064
15816
13088
13874
22829
11117
33822
3680
38446
33289
36838
20040
34491
16475
29071
28404
5115
10910
999
36660
6436
13824
35615
13767
8818
18517
36255
26948
27469
40973
42042
30638
18400
30819
16777
23624
22267
15832
40287
14250
9707
1310
31405
36373
27377
17627
33954
16388
13369
24902
5280
28931
15016
4742
34344
7060
5554
8344
5627
31344
24712
25122
3855
24123
22655
13748
36883
26939
2253
1725
29186
24442
8635
3333
28774
40010
38450
2476
40840
11480
31010
11352
11387
2971
40468
31396
6341
28272
36846
27707
40196
25047
21840
40655
9411
39585
40404
12833
7481
15540
5948
41076
8874
33932
683
31554
41178
35214
7041
4011
2980
499
9604
14907
16813
35039
25651
41787
34836
29939
39069
31114
37632
29218
29101
1717
21317
7533
16999
7983
27817
4780
9429
20086
34446
12041
4156
22942
8449
27274
28142
18131
8273
12911
12779
40279
12148
34363
5631
2428
18822
36468
13968
23628
18660
1960
3572
19345
7917
7619
42177
19955
19525
18902
8214
40825
38150
11032
17718
24737
38162
3930
21114
12115
12803
41345
25307
4172
1132
23232
18603
40828
515
10523
16208
13290
32886
5817
9159
30582
4903
11894
22377
4803
36643
22223
12653
40039
31744
35042
30639
25011
23655
71
1895
23447
7915
7250
41181
9845
23520
29719
41236
34038
30157
30482
15460
33738
20351
7925
37012
38291
6611
8673
41191
32537
28680
20718
20639
2552
21700
40079
26304
37436
26006
20059
32534
6609
31563
11771
35961
2678
36885
17384
3346
4544
2125
28286
27476
13142
40902
260
27543
24017
39697
30406
31684
27951
32191
11227
38824
29088
