407669
557636
367369
793475
987137
536933
760006
993259
311575
502923
333547
767624
525639
778528
312853
278530
853219
463422
206160
859030
764776
239277
568157
432138
981421
155973
587738
461353
987543
321406
567759
473125
972935
957193
637180
848568
473742
656910
509166
850462
836236
839364
428745
644205
796967
261574
801626
419170
434903
617721
582386
568637
926763
261357
645129
787849
110708
431242
963355
323432
327661
913741
432654
630941
628821
369647
291248
776727
795756
182799
837509
680545
508445
371305
694821
129592
648938
875320
440845
106567
461914
732650
923972
604559
464965
837604
140577
698600
423864
990415
680686
198458
572781
123510
253910
997886
948089
628183
974286
204771
828348
220312
747115
815831
757723
758631
331939
600278
298557
839991
927368
191263
714044
147515
547549
988177
986067
851105
865825
238140
471057
371200
124769
729277
756708
111441
215593
589386
685164
810131
280485
724690
524523
154234
204740
239357
964902
546734
502114
199861
350719
526395
201202
594309
852493
375068
540963
261052
222773
716008
984127
425403
841072
346535
961256
957674
704652
889501
245827
585034
576710
822568
925835
899815
502745
596113
566216
181740
334171
637861
987636
192215
428186
375023
988831
186374
405859
147315
517280
734164
807620
146911
433844
439583
404943
373781
704439
355819
819119
420274
813145
745581
404907
818634
839589
895577
416080
808560
448700
612447
978045
234531
740934
650527
291944
364090
940707
799298
780933
893436
345049
966460
910233
469313
871846
832594
370382
653439
508547
180266
861637
777820
560157
136033
211739
266520
508533
354412
225571
427520
752261
124449
793685
302066
370573
356033
905511
763270
735276
190182
829829
261361
432436
594902
224779
394919
668686
206052
850096
336914
466979
689573
955427
813234
159989
537344
900420
379909
996479
439115
236066
218586
836490
323312
980953
393833
592829
359942
799832
959138
157606
946174
373131
821630
855842
167946
305211
885689
896593
831407
496183
167294
750951
289988
352653
271694
206098
470862
281826
892560
324263
319768
689610
149479
542196
378266
316812
741380
987517
739302
921869
607458
921815
837572
172735
945649
541643
406953
233955
402583
402796
858683
700959
570158
290583
901980
683925
706439
931833
741310
974210
784037
154299
131024
288660
368334
389149
219260
402768
861044
385926
569817
655531
871499
802516
357845
863080
725406
660030
284987
911723
281014
568214
633291
191610
910294
396936
227505
496757
158286
150551
721612
775917
981369
705447
941894
246478
906560
605055
783162
210465
801814
243347
664574
211071
433839
232328
738458
483086
216601
656412
382515
419721
576899
438777
285440
129197
782250
337594
320424
588966
694754
181886
194648
764961
595039
658245
841157
382794
377209
112171
690417
361953
126598
471438
154467
460174
138841
570966
889219
578473
855405
183279
294002
320428
795245
548778
715672
233487
864122
323577
845967
540530
422149
599075
613903
653712
536499
423778
805086
754840
269926
897977
429863
563746
109735
509875
814178
420024
463788
574265
114618
645879
126793
287450
413555
294249
457386
343302
724176
294063
139173
863012
607508
553518
855884
700927
638162
822136
704425
648166
311617
707035
643031
590256
125420
306473
511238
279216
463828
337746
377091
986654
655331
117254
857620
435100
450085
280987
960974
703535
356342
689296
136402
463000
319745
536662
999692
537448
898559
554514
183756
100738
361066
165167
236945
408252
972950
882925
107720
215325
364979
765276
780320
934323
777828
536890
785732
152896
358759
599991
990576
376314
489135
402968
877459
465083
578627
478526
273274
394579
422616
417793
434255
240471
769030
781134
489295
711589
480289
534670
174679
537816
354703
995182
400276
904943
832909
644522
531491
793334
181869
455258
895851
603073
336661
947253
203487
727262
450212
582275
186976
643532
393732
607225
220004
931780
671600
798623
133568
406753
946361
336658
867270
177053
257803
241253
558709
454844
389344
851912
423617
925657
668266
608069
219171
393068
508545
312791
978021
573606
455062
169980
467574
151776
530153
931526
267172
113813
548807
207566
332647
452757
310269
601657
172245
858781
824903
936297
490204
550232
549788
484626
295189
435649
788503
525686
904652
144966
261473
202190
475963
244048
874256
280996
421592
756383
337108
626373
674983
394664
962374
736289
519415
798490
947660
509845
712224
522436
414808
936852
378118
575789
892064
138450
595816
864341
847924
284436
639275
993179
887766
192600
251864
969341
941313
884326
245868
128781
184974
983176
165974
625209
171226
125800
150777
160606
820795
454515
999261
622708
881739
916461
990153
609284
169537
783903
316007
742668
960306
159414
684480
791786
899928
931706
995689
898479
644233
715121
687348
676901
213691
552817
355742
512312
304774
284782
547207
216846
928480
178739
422705
156105
224925
513301
298887
303569
418853
168562
757323
590725
619230
854358
277178
540744
397057
573421
675306
840416
577118
211151
515971
913215
214582
340316
689818
377929
594335
422345
372492
379918
550170
754735
778260
360716
716301
664774
739766
885634
569707
723863
208896
398566
143624
282400
517033
315886
108658
663060
336258
988808
256538
222965
876083
405551
283824
921836
223256
732091
420232
306060
913870
703464
879264
935097
500748
318401
430055
592767
889943
782922
832157
964986
693789
721499
782194
450841
975502
730125
576775
840907
505330
411100
199687
936611
174975
263343
537139
766940
156276
288500
378129
463847
851853
163396
280159
409106
249203
477597
339476
275100
249612
353805
645788
554490
454795
159785
755044
981755
846197
465320
105781
423994
265697
922075
959847
844922
527348
225922
625523
397403
640726
551811
803449
955006
945918
281611
956505
115982
529871
245808
700388
734109
632158
363830
158390
635873
516070
464694
422775
147241
453712
463094
892611
958861
657469
753892
457308
345300
814530
142665
251603
935401
503867
131209
756384
350512
747249
270146
343224
991230
956045
820828
238061
182858
146426
742285
955994
253402
338268
669899
499491
902795
621638
984878
678300
899285
707283
634490
877009
593471
572692
988824
410328
513587
660439
937749
676857
416912
972937
594207
100049
929421
165302
853955
982268
769082
911822
121965
638668
712621
858730
908264
743785
873652
962581
183658
256748
914963
976723
863656
114681
417120
927020
696897
904032
924348
193068
143020
479264
405477
951385
608869
846860
551535
661256
413813
969571
539005
805225
322634
489376
260520
987245
218212
655914
998705
318114
647121
413302
624717
837784
586011
597035
514463
443519
714339
415583
657139
376659
129434
915783
586482
697230
125027
516912
915916
395348
385736
625153
909817
688660
537574
428936
381646
865286
969590
453527
844792
482920
660697
622521
654237
645157
958948
550175
172772
563557
790963
654011
310571
120600
697499
564250
463977
824080
862808
219004
562732
749929
804159
656073
677111
340274
976939
899362
285758
684547
573044
711082
980342
941533
304153
842153
109465
651634
228144
498520
608550
296005
337146
363168
302767
186674
571688
133665
361489
575676
979950
376161
114004
501687
710852
110344
418856
322738
580262
638618
506996
259778
964856
416740
603155
411722
578716
816168
390698
382295
774079
858421
832523
932547
371946
975722
188716
278285
592093
628705
411078
130522
197047
777132
975868
186173
541512
454821
256901
175598
800370
670260
272949
896023
617241
670486
725404
173673
873552
745771
696192
490421
143422
188055
700594
841711
160905
775498
853362
939822
794963
335398
245994
280873
450903
199106
327289
731502
544283
467617
411606
266053
377452
400848
441371
960958
162929
922707
441720
244480
332877
508984
795012
280414
721448
817689
903979
635034
643168
760199
762487
173120
691878
729766
613795
568284
337536
140368
599860
561282
612218
737179
929353
177062
526589
918793
581021
307137
512993
360310
223710
131584
552076
116693
853935
495910
320067
353021
140135
740478
300898
240535
879930
955460
585073
844082
156979
226431
756553
182098
856530
120293
204529
240034
379478
210078
476797
119188
408818
836900
743852
611558
580730
706599
115800
668560
554600
262617
739338
637831
309525
777594
536997
248870
574545
853965
747154
641994
692115
848279
540597
178880
549864
339150
619352
684627
320166
357353
544800
817099
107297
527248
287856
568412
790261
329420
935674
705006
245298
645419
120280
158593
128323
408217
329518
405429
406079
145609
490285
496223
853202
644261
418760
231521
976869
277560
140604
504537
503903
151993
906805
294569
999946
288349
490074
401591
215834
806549
288795
493957
657420
216546
836842
675633
907674
663746
629512
565598
262832
244658
380814
423763
817416
483195
551316
211936
551821
951427
952155
173684
318280
176513
684450
513546
353396
142546
578204
610366
432158
131076
313521
865682
197623
623797
667201
863162
112600
266554
989884
688656
367246
974857
559218
919053
432475
945812
270331
211079
153547
976074
569246
556578
404014
349140
148345
419469
587329
412464
943893
544697
330000
926359
105619
529544
393279
868324
445088
579208
387780
355455
240914
329437
306341
610001
964859
537909
907423
883733
243594
298342
224288
629480
419745
316735
871026
430975
193564
457625
314069
788242
472787
454883
403224
876447
636441
591115
803891
488758
621799
750713
437295
690521
314379
189883
922456
269175
978854
757607
782675
394157
645246
718197
925141
142116
192381
207204
796537
590466
743740
746095
215889
865760
979490
945014
699152
308320
187248
988324
781897
563690
138044
792937
547353
877565
179317
399015
459307
971666
193629
712918
251724
230904
998245
964943
487775
667716
701511
348552
990085
294055
913560
122938
474384
141291
605890
624831
316864
985645
221689
169405
284908
497299
477572
872715
633686
909850
800337
846273
379328
470072
516518
146655
248344
284609
266735
572175
192320
294028
676807
957508
749035
936487
197030
277879
506197
498344
602266
227616
949154
170040
239534
320908
789877
704640
761154
703579
638816
997936
403451
134765
192197
314924
122226
839101
318559
325850
797057
749551
870423
164872
578888
488852
367325
603977
188585
424333
922290
566106
295910
958065
556265
849960
812796
831133
633351
552536
896803
413444
163892
248576
395389
402558
747786
590856
280027
381239
438244
632569
840501
897459
228893
126224
841502
847666
684718
378669
816088
728821
533582
496002
660528
510426
911867
509067
514235
663884
577398
964051
149579
229718
519131
440548
875627
359497
989890
777292
183177
277338
641470
246619
992874
724907
332441
589166
956658
525394
986471
428085
166933
773343
362222
443020
138935
341362
500071
784909
715611
324247
836096
636958
924026
593184
114845
831461
152556
508298
233603
785108
930668
956135
413944
451090
901149
851844
391047
236506
288593
539187
420718
986706
779527
386789
231450
745419
952016
180199
780690
982836
872276
925194
152076
654585
883872
767431
624452
742050
138624
223617
713535
330326
102018
444489
263084
315945
297236
519147
533243
520032
170686
268986
483479
696808
726054
782902
113399
933841
316861
687031
147880
599927
972139
440786
737746
959764
559304
751780
377443
117075
977810
148498
964555
331875
784811
450004
831437
481979
538098
183157
105209
682077
392133
204834
448672
675366
256863
512163
117394
981535
749413
462224
885599
495352
179123
638460
371727
745365
250000
767938
773145
221282
773534
729227
745552
211022
916376
621975
718682
749310
982549
718634
384007
120034
431000
961535
933954
919135
658133
544474
169492
525364
605736
629640
119643
145116
980938
170887
968389
154482
629867
524652
562554
299437
569190
728626
383930
840255
688876
362724
983917
747201
512563
358279
596057
354013
978490
863468
975202
134471
491235
688463
867069
684270
807593
151758
523666
120892
539758
350914
505820
708249
402821
333008
116297
734274
113186
289658
443174
364269
598729
555537
768325
551246
997373
767961
474455
726645
914238
977723
913906
227541
402288
756281
405421
830256
865679
878026
382198
111365
755738
201239
604044
697552
307915
914581
495165
728763
232560
258642
985394
547052
827618
949271
844629
112387
368388
140146
657387
170146
271011
689261
734654
567832
910958
432937
651050
575512
550665
477287
962996
291722
809278
257612
855572
488043
819074
599405
893430
402629
157417
696824
582436
271308
107348
465837
174689
161191
354222
370958
746962
666783
106587
720281
467344
172619
861631
178956
686948
178531
664720
297958
346556
541066
833626
655970
271318
544297
323831
436430
394528
359481
440137
364009
701569
215406
122340
718100
587806
733486
738014
243742
368567
239885
942333
927588
503521
894621
172154
548453
456955
933084
730588
768838
493271
340709
374070
152216
611556
185188
533109
335904
790042
983967
689764
722310
568627
995464
943644
433389
572279
497972
441588
596220
749424
771646
151426
848549
132513
241148
791293
766018
187227
282254
328504
608345
767761
688420
608942
993900
446077
169109
350215
280867
181574
845650
764229
341210
435484
598125
255025
336472
674011
979760
525072
476071
190312
510353
953253
470761
866172
845196
160254
499400
994481
998410
898361
718311
795974
304983
430592
756544
303557
871514
601071
462115
529789
163321
800283
587114
694582
204371
688964
279886
781818
883473
512306
978513
120870
791341
756381
872666
112596
528459
286277
832857
837306
702460
358255
411152
892136
177650
221462
359418
970578
926338
837803
445376
521270
674404
772052
662799
850405
502689
564829
739674
990765
899900
879834
579952
740163
347141
982197
658371
220002
253417
996514
586423
824691
876409
657055
393776
680010
873348
288521
513834
711786
909788
174933
332811
869049
918517
838278
954056
975257
217512
936210
228292
411317
181444
161088
867545
935308
340188
770237
567914
385695
158209
316751
229214
514647
790409
686250
527749
628961
837614
793405
106618
954845
750768
710368
458508
830784
822576
411252
531660
218805
897778
249647
917324
362083
579089
695534
640696
361262
265136
983512
165001
261947
278025
970210
936020
697692
392777
214310
312848
380754
645758
370069
664326
831330
339712
550244
577192
382375
770472
595782
438011
153182
349698
950982
765083
598731
602538
538904
265642
429255
121364
294107
132200
721194
902975
169486
584551
645713
243105
699457
953670
248108
332374
449740
525116
629380
918312
133139
954251
475374
793665
358577
823057
881904
873797
286906
988358
741793
230039
128534
220752
895319
909651
285144
755508
305607
374149
808186
700817
757112
239923
937308
392626
954617
935220
725665
762702
149115
934446
435563
467198
833653
862095
198480
838859
558166
689598
383850
825065
906586
211468
911626
228352
894586
847484
328316
117312
560364
180871
995714
691550
953309
185343
114824
510412
704073
859347
757881
797087
129219
366395
791271
341686
915003
888890
791799
549972
579177
943306
101297
959827
957525
276962
370792
579809
377552
288566
250787
855720
347417
433024
406597
810633
396755
476047
455716
998231
879224
986691
845119
946889
631533
804733
394933
433528
766988
789177
400977
470852
352477
973627
323969
268828
697006
347071
628856
305404
613274
501784
164401
325323
899717
192800
146022
359260
477928
516245
102224
704726
696495
869838
828840
281842
435765
815428
130788
634774
693646
536274
207811
545552
284271
466517
864419
884042
722344
433037
488898
316960
940641
491386
841476
507319
341725
575625
248419
673751
610815
301228
962483
953423
746877
331774
932613
218403
513211
586533
367155
711549
642538
222005
337353
985391
526050
880489
865580
862398
536144
740494
832533
297466
931159
646998
743459
440905
439078
534213
635645
173372
445065
688777
574784
956897
490395
909184
838231
354381
498816
712547
950251
911245
134926
814497
612088
764928
110915
807339
478921
996345
397487
924322
785826
739327
492354
424561
649417
844159
808668
148942
818288
278840
161402
187177
238884
338826
192118
149270
537765
991917
653658
808834
910088
167659
109367
816422
490011
522749
866768
118039
442051
983940
677950
859313
967877
246311
406749
425988
299686
487781
488033
100148
248616
518867
605726
871713
853391
189071
719828
119743
888699
903003
124192
734329
634416
450768
216671
788092
274195
879623
355205
860922
672788
896442
670060
189280
324730
101078
975129
854209
471124
380705
545780
193616
574699
692743
858458
979914
191840
854920
991184
448291
355854
103301
410061
172029
320705
201130
712491
108615
362810
485998
817769
219729
507800
919127
323277
475567
363185
773498
829281
768770
679660
269242
296588
914933
316304
670494
258149
938987
901045
414726
122031
438114
302329
312279
304583
208106
810253
299066
881784
424573
576190
965900
761630
716564
172465
697065
694431
944011
363589
241228
144617
875592
532440
480655
349021
649950
624864
465939
870661
285749
208902
867665
817564
437615
169077
345043
983408
387710
880582
104999
516347
829081
215087
779350
991987
664852
955074
433819
690559
717887
682877
129207
591623
496948
325682
986441
465297
165551
810591
813842
581253
837568
472604
810258
725970
299434
968554
127603
343128
392046
632179
924195
708517
556149
653980
970788
376604
869805
590127
330288
625148
834289
869431
294441
185490
121728
209528
659355
844636
286737
760369
167692
835517
228016
900018
462832
800198
176470
986108
785950
767621
374357
916674
988743
630186
281900
824815
561723
783542
537001
448043
901641
485566
385724
850978
149012
950781
758757
790205
649898
421273
631417
194890
272340
691526
597013
196015
364183
250553
434067
982667
689758
273424
816141
324226
566605
950772
502603
516597
867093
559932
549035
392978
583004
138776
986885
962230
709115
418215
739497
669506
539850
625559
920202
865740
166792
750706
768009
887580
220587
795321
817527
542852
848250
388827
844094
109721
381035
815870
354286
413158
756721
824468
308313
184303
351057
986712
123283
817387
975420
698713
799342
509791
462942
346350
931161
298360
739896
384894
843105
851151
914371
663349
670923
387411
659161
144127
261977
920753
391986
275833
653763
334336
586209
541753
618282
263301
741532
533280
507286
261634
401049
370302
115617
593490
535074
454082
531609
310341
882596
426514
789497
623852
669186
652627
117633
162713
464250
956390
983537
349841
209739
322081
314357
774433
141264
282754
380098
289680
932682
728189
683304
886657
710856
612834
791350
122682
670872
833883
638554
595521
523371
347988
671578
882805
181394
921865
504621
779835
256102
342093
193835
482551
163354
789571
197966
232461
985564
734987
676523
641610
432518
920635
800105
459087
301539
738054
875046
140330
876861
688766
263151
234297
753125
928242
501383
257875
779503
664085
827827
743658
353773
295797
526840
984139
111713
755264
346262
552680
370816
644062
250022
665005
290142
551028
611303
326742
664052
138222
436941
321637
828743
133974
286310
681231
661750
914974
442394
236550
542795
569344
431321
961898
536605
266452
113077
505583
773956
603868
480815
256715
519804
264768
153747
971862
934127
473636
942877
754346
924983
317569
539150
316468
645912
989280
496481
181007
965903
594091
594867
253229
747255
386558
461063
989125
112753
649449
663950
837241
282848
388406
688484
250535
763501
134908
148314
861725
131589
213920
925195
745905
397279
469331
290337
286444
264179
433355
453326
385319
895645
381047
793985
708184
433402
991139
357746
119450
134416
905426
761439
487731
402457
284313
115531
113644
958702
946884
809004
124275
327439
896886
569309
107918
841992
412309
863686
613985
145484
576215
501111
889165
686047
923175
393523
743675
149372
291263
734023
739791
493312
427530
492862
115598
884575
719600
916224
566457
275143
473774
739185
693650
766455
655629
487987
993914
985273
523832
274410
872027
898534
771302
816095
330035
439653
847034
855838
635144
470556
582164
415965
632119
617681
912253
675139
901731
511036
924650
160625
304540
910201
253279
745096
519685
406589
341931
709665
583001
675183
262001
601206
553309
878901
810907
412733
394544
730507
503149
148592
471442
324578
522263
413848
981655
672324
665832
583035
715217
494027
415865
582090
261722
803384
538708
979179
240994
725371
216536
436147
289675
325657
405015
861517
679866
812678
441985
781943
797911
293637
759076
365830
520030
162218
558956
241550
558734
107545
197920
418351
722796
959669
160061
453777
395674
229854
322488
788571
629652
838258
110437
171539
380437
284950
974712
226284
947203
875062
545385
101729
934012
126892
263364
375076
857220
506460
231475
857435
784670
362350
527903
168705
771652
445732
340615
936060
451340
287354
498266
343489
445681
293034
634275
879080
501442
965014
843964
282206
843177
865967
323892
606603
643239
449776
187853
690077
351633
395284
167674
794370
777901
565421
618960
466644
831052
255574
323373
593517
953104
875001
223530
112889
957153
672152
611165
523639
318096
744623
833169
601173
455801
758648
394376
270673
636168
887919
980075
946894
555778
501049
663192
273957
198605
816778
151887
271559
442930
398056
974556
833828
231256
129077
720611
520996
280788
388445
519388
693904
331339
301168
784621
746796
928447
175712
931775
974773
992776
381444
951611
189869
201514
756379
796482
649677
213235
533990
904998
829022
421009
612151
649403
651725
393802
827085
152113
509724
714978
638576
964785
921085
913640
490436
620057
797683
474183
988970
246578
415449
339475
155342
328318
541043
958874
667830
944615
685801
973459
354271
933846
884016
913341
193834
750452
838427
995390
679702
785101
290927
584145
727329
340643
584186
116191
237467
936106
483504
163718
461566
947577
662131
128561
802005
673252
201802
687423
689021
588006
486580
802649
531577
100074
308394
141486
566228
397828
881002
912435
328986
102346
770041
328055
837305
744128
260420
286009
219656
162993
498968
739058
486207
215323
607456
786230
622856
312823
146920
184495
169213
614644
619999
927164
112891
798512
816634
517950
436287
254850
836926
440415
464826
640204
410006
144631
177672
235195
737075
921478
839242
767822
944007
821733
918212
583365
482367
254030
449378
653341
303040
563366
879649
755024
882865
537539
250139
710632
142604
948169
184618
459375
839427
195618
157980
839179
116487
187304
587196
884412
378019
802700
282923
689929
535347
113124
355833
702328
203969
380419
406298
848769
247931
107049
227264
404522
886497
343552
688433
853247
877295
427789
591500
103967
726923
717825
627172
447786
628764
419200
111698
505651
203994
330714
634510
227540
683551
906009
180825
878277
703291
370388
929794
452702
361688
481880
977069
814154
972766
429699
690081
555545
737713
345833
868683
315969
223639
959078
959232
537425
282301
168807
742488
444988
594810
597997
525219
388388
214872
886629
842950
610753
572776
531430
371078
347987
527814
636076
636215
637533
153077
776228
226198
400469
190970
308270
156268
770296
828518
289567
986925
469395
855570
192268
449912
699748
181575
766723
724173
543887
467805
674843
383580
792809
181462
813563
757030
817013
994898
392161
451130
234796
930023
289381
624852
309274
833493
436579
465576
558063
450894
525342
990989
158127
908293
598840
931067
219300
834040
836595
642949
764428
772147
871159
458095
358709
412440
812464
312984
192998
278568
220878
732873
633834
292296
151391
779236
534479
441760
791955
438070
148250
206912
782743
765703
766236
127129
215723
797960
767180
682937
274638
787668
670790
169937
909079
621156
932092
455754
725534
665819
240186
362258
475745
426582
149154
201696
162394
922459
270551
350599
887901
995435
651891
143772
368425
358188
762361
185029
833141
549230
961300
379382
607450
162237
881814
442265
432036
419342
727646
912100
893616
580988
470132
560262
473213
933650
347802
659729
463587
868308
666855
516215
774321
371827
864462
918011
625071
588151
620131
964339
583921
527573
916727
455476
392622
892606
560605
403500
402015
759858
779974
571268
290163
586958
368994
593156
938283
803391
847798
658138
874495
601314
692912
739051
473622
987181
830038
772388
174334
621145
482580
797573
955210
392428
243368
286039
613090
115634
274920
235137
243101
106705
387562
396732
503656
638733
311224
970413
552959
571464
813561
847242
479281
955381
416529
229162
568719
585504
708408
906258
320928
751934
544589
139398
583047
502557
320320
339892
136813
133954
799355
249052
223118
629869
584300
667810
910232
252657
791017
478794
179632
377927
508719
466027
300108
108417
282484
417083
386031
767193
629200
301329
114067
100247
912927
872589
558051
561953
929065
165706
784925
678865
435392
136439
763424
836372
234785
236776
571019
232054
532682
404036
900603
878088
231878
848116
323459
696234
821299
349447
911122
864539
612335
248522
584859
857616
999402
915901
599174
747600
265107
672069
655200
148320
930124
749046
347717
323434
642874
998406
694556
352084
509031
941027
602417
788362
156667
334964
988036
128379
380215
602991
953080
421106
353315
871391
981230
650517
943004
822561
460317
249644
277273
895682
896088
638748
561832
414635
629439
179397
912119
318158
409073
443882
511538
199974
496080
216426
302691
646899
290794
862354
677231
138142
460967
753499
610398
260855
375318
680014
104752
826921
322820
517812
437263
204655
336176
438228
288656
808841
759935
616679
735457
717334
865769
626659
793889
802304
247751
804260
484927
111751
764598
370737
667267
109916
399741
461153
206014
946175
961071
584247
678096
252223
549763
645094
900563
741539
314049
688538
157583
483224
108132
598644
214755
597577
159329
677416
147245
872222
443328
481071
503375
550499
665665
251339
184928
912595
469404
433800
809963
332193
493180
726656
770391
602060
326508
627441
266137
760325
640895
734090
679992
253167
670516
705802
199243
612915
205257
316598
252799
896618
880338
785071
867774
446757
309713
673464
388093
880888
752593
625607
386490
590698
675808
391152
943491
448767
544879
529484
406057
442840
989768
120527
259275
928389
899782
298820
754298
546376
904509
412622
136712
861868
329526
762404
947535
215724
383438
830967
447396
785764
116450
819327
789163
882518
391159
620463
854546
542530
206774
560892
488837
123024
950713
541132
101386
714606
452460
147982
322328
217479
322014
370917
337183
243223
502512
931109
239539
934997
551033
423213
365117
163894
411065
204021
345746
133546
775387
590539
236689
415878
370062
410634
643353
769701
932437
684089
329606
300875
494585
217436
674544
408671
786792
213171
622381
431972
980750
773280
754877
378061
786668
360547
108785
586412
487502
397957
467918
270499
533155
860849
580288
354135
379874
503774
315441
415663
253876
745513
678302
502180
796257
294236
157921
592018
383160
849446
239883
492240
353345
944134
550695
889378
368182
111306
314455
658843
724302
679238
957760
553315
728551
930570
138023
322267
568227
868089
661432
750062
668666
378914
755784
903359
677818
289597
493301
936979
260694
475179
132644
979077
535659
653276
946165
310609
546216
281679
767702
917875
528697
127985
149450
786586
609175
706223
693375
779961
403201
838151
976265
541296
830470
997346
349365
676834
557141
294308
761986
443156
716479
843011
867592
514856
569941
412038
546721
371667
201179
106499
727557
346948
406524
512599
545661
953750
126127
608797
797290
234775
231066
738272
965468
460722
191651
778983
651020
331416
610931
122772
798005
758599
758537
708686
726743
910894
948733
999194
409025
719354
549783
567083
415481
969353
987825
842386
534476
864008
585413
904395
841556
845268
340175
740843
535946
663111
598890
706490
121015
731603
881594
446727
968352
217101
468081
120225
278645
632260
558324
849372
885061
361663
526285
517742
287399
636891
440449
261230
905017
913657
572997
533207
328298
210375
682584
821849
596661
322769
913333
681387
803383
480304
133190
161851
987699
249528
732641
177360
256055
793757
708458
818977
373011
270682
404507
517828
621801
345999
162430
753728
132972
677546
342456
361441
412052
641332
695703
580899
893501
664348
675029
652348
347047
820691
536299
819972
824306
812285
508526
476502
557797
724287
613053
112245
182382
691559
574457
133938
805936
830193
488665
493372
525243
747199
231331
715653
796167
865767
338979
106043
400483
175953
434098
561026
295660
568642
652461
440987
248967
191969
654319
696883
613534
685904
668397
750059
365276
834307
483085
818499
248917
676445
529291
312693
695191
832152
326705
802107
376069
723606
698171
981468
151316
500446
628452
914363
559406
272454
122425
661819
758923
121637
147776
975926
360632
553134
967927
708113
919180
467314
586060
718796
899579
292240
642113
346022
854170
354766
487644
210764
320791
748742
322125
341629
797734
281839
589065
805859
108588
142910
959704
643675
313866
449308
722644
682602
929921
495836
646116
161629
226913
755657
955273
927243
350058
938048
367710
683405
826239
150137
241493
679280
510045
714065
791527
924671
736560
708144
143165
231886
703766
171341
535053
680326
342075
776043
585511
986582
633765
322131
841293
850956
201870
543628
237088
538119
670503
783922
445922
480079
179003
822135
639890
540529
161009
379737
104092
172387
735695
474730
958619
178951
898185
951803
323241
660475
472578
185976
904267
902734
220778
775790
269336
446273
601306
863914
334873
769867
726350
996144
147977
525895
718201
762375
258731
587577
281604
243488
932723
354794
200628
707873
279189
761095
410989
298237
284243
146066
567653
338494
276920
842958
453676
310833
140168
351650
226230
346776
254631
235247
324239
934727
573225
735265
480904
165084
859781
814112
787117
810596
594752
840612
698735
400277
996219
330515
891219
427126
416922
136977
843680
551614
999961
218753
777988
609572
848298
857918
757453
488811
848026
592611
285321
354230
396326
480052
613918
362441
900834
309628
437809
510672
533163
972075
702271
746794
590182
246735
480859
572004
929557
237025
492568
104318
678166
562810
827432
244782
937660
607860
308003
147540
115562
447577
507818
658706
445521
841687
614966
431283
822065
689264
415302
211767
412271
263795
937934
937640
682625
729414
854801
452928
548335
280556
385862
717884
939332
129837
101138
298761
391651
818269
588957
618771
297319
698449
289155
960286
838851
408444
510491
751701
945278
542959
516381
413456
344037
485695
270103
727764
519161
377768
634996
621821
988606
936596
136774
183781
748194
911533
276528
583148
124444
876456
498542
141939
462503
104150
539351
174298
201814
112961
979343
402766
175600
244563
618545
851031
259804
955329
913666
362967
901204
755376
179734
951275
375269
450060
556890
718519
907292
600444
191898
814099
459219
190037
284680
766509
483552
376868
293903
597710
296141
597961
626353
899905
751671
613287
101630
521051
728463
503528
240263
125679
201546
109969
331520
552507
475052
890373
163223
268905
360661
975174
771939
592288
289540
443749
408543
905244
320862
446824
848094
869300
946007
754241
847073
673459
660884
917667
402156
252735
344329
645780
504786
891554
553511
195862
692558
320575
568802
771742
946094
355722
109762
735231
411280
664580
669388
105757
507343
295603
989563
931212
146302
841559
619132
838708
855394
541401
105080
908972
362103
694563
986651
631571
802323
342832
530996
995995
305518
424434
920657
454027
837529
682482
561036
351641
239167
817512
538090
364854
399014
794274
796807
344281
224739
568890
300958
281296
467432
511763
780661
798435
836708
583762
397488
172889
294532
760665
244775
938632
808292
782045
472241
171365
705233
591061
490229
982869
771470
923930
200749
948864
258474
871882
694370
402031
452556
819408
780836
545757
224014
690937
699313
526880
409342
312342
785877
307245
617566
488381
514346
814925
515957
537710
757916
890902
624321
146106
443846
295770
200459
437349
404208
139704
647617
904692
169449
337435
878664
611322
771883
283850
651596
965856
514802
215626
661858
490790
351366
460364
585247
376976
827424
846978
117351
546713
214830
405871
146300
246916
105886
372389
237945
494526
639523
699848
740060
928557
431093
174123
154852
759867
996796
831686
593024
674673
661577
668985
860143
154466
625723
260417
865794
618432
275805
142920
735521
720588
892302
307211
274994
509440
397520
896518
483740
904940
718406
816013
449796
699843
118359
105727
941135
699797
217794
727335
770356
219746
451869
522220
958173
251362
442056
435975
745592
289256
820508
786767
913298
425134
271595
940455
305514
110506
408896
706255
598720
432268
503924
505910
608542
141644
541530
256655
972932
485172
421010
835120
362024
961416
712347
945354
168228
349443
578460
579064
205735
532778
521147
293160
706563
774671
953278
527221
920885
112602
585823
519200
944054
941863
206592
702138
917010
727437
912524
184111
654280
495061
734802
242435
843821
133548
939975
411456
808150
201628
561839
741312
720077
419701
850178
862031
194500
721464
238634
612198
834875
808760
452305
856504
569629
685198
110459
784667
362368
812189
380834
823479
398725
349061
642327
642443
621448
451918
783676
927052
861690
635711
394744
406138
737143
142277
721284
999125
515170
326309
951274
384176
909358
366688
408359
953596
534909
402696
710863
307647
366427
993249
245354
747009
814247
502213
593050
911882
507165
952629
991186
458233
965361
649832
917308
323628
289269
971022
457970
606797
370264
781472
917967
127158
198030
733237
918051
150083
217933
608604
442147
378703
660221
223406
788995
378221
931363
660499
770201
483253
386688
317899
812318
164637
179687
521439
776643
110025
939007
826716
335655
143871
840349
954428
440900
110230
735415
544031
689125
931532
189627
494557
807997
996529
476194
272999
987671
650165
185438
847600
663216
659111
166272
299059
472161
239951
982885
282608
591071
749701
641895
195029
226495
895216
951771
723927
938304
819289
990148
298417
914335
607161
478194
795807
799082
204315
953532
831631
842101
382523
609403
128346
346669
197104
297644
798123
820700
458356
229055
465893
415806
863665
147386
705247
908519
129956
281009
451076
261210
816978
190148
392757
559524
563359
401245
130225
445338
224082
935507
459798
249163
548465
561508
752886
111283
588911
692240
987183
369567
775842
645194
429107
363492
101058
480611
794762
216526
601171
635691
572782
351842
770486
727564
941972
524593
165286
524249
749462
574030
965836
608765
396433
424595
386624
930030
584046
904386
724699
622487
264644
796937
577378
505536
497403
206388
643584
453666
836425
342108
461604
292916
262298
112734
813741
671459
369702
323066
616787
313537
730724
699744
949492
532569
764778
559184
514328
932364
773017
294559
514167
295447
933793
663827
344801
345477
685330
232207
124957
723917
987997
292551
324286
105454
694922
831903
492159
640590
184031
966875
685177
820228
727661
715272
734639
808955
460346
494662
569855
295571
651354
650640
116186
957459
754584
949644
794228
565821
747909
158020
848518
197245
345078
677928
200007
254574
316664
146996
592137
107604
694068
389025
130013
981219
443462
244066
948720
698510
549286
994549
996293
781599
853783
941897
692053
462138
152230
629225
570170
413018
213657
293708
780447
167869
854229
340457
370603
675591
894309
960377
169618
156992
760689
401409
428664
136132
479217
241963
530921
981824
756782
855834
142355
276118
211395
165354
840041
504192
167977
746027
743323
536003
473457
580813
529015
828635
975498
412117
909835
144515
861118
579685
610885
594058
417550
929198
932814
232034
858470
204798
200059
621324
989567
172217
868332
511295
387727
958782
657793
421165
223047
731967
268898
731123
777692
222139
763998
533743
865407
737095
993522
601751
421595
116372
348867
546659
592546
904827
515772
362039
753665
292325
266077
268576
853004
383282
309912
793013
576128
876018
605853
989880
970144
476859
247949
676530
324613
452135
276526
249866
171283
250619
968101
525960
779861
629702
103415
996126
992733
841758
136391
926682
650016
304087
702348
166304
864501
590758
680319
410619
258356
438202
203166
807457
278409
268547
802375
893364
117388
118814
477981
228313
223241
403822
325267
568867
474476
715502
651903
322806
986668
975363
696128
806093
556535
366520
381580
170952
279542
660411
315602
397269
594696
202193
211785
137942
270948
196290
107538
620495
923882
647847
429296
914628
809345
904658
978386
747579
255910
764716
656690
896926
826661
272531
876835
340456
651240
283342
456962
563524
255100
651161
284811
262362
951617
457813
140886
323732
896266
543059
568738
212697
934740
805999
278131
834505
242788
580519
486359
132537
110245
550411
399479
677793
556021
371753
246884
512882
202738
288014
792535
255844
947392
277219
512994
849736
806734
228785
922740
237796
700492
855761
534039
556222
459115
312035
560274
720282
538216
238045
930961
308131
207740
484844
581429
800919
548884
106373
711881
302739
827781
346805
630258
415461
191450
635824
168062
234279
506496
492212
352630
900716
719626
792366
440440
358706
691473
620264
698637
169362
347736
950062
294462
432884
852452
611828
949211
202856
104259
549125
138090
995300
442998
913860
507797
647186
757752
624921
787716
668051
316483
875173
169123
434804
785625
113565
231928
674271
890338
640954
523948
345689
712694
412386
176689
538876
754015
155759
281728
473112
180773
313376
654797
586313
197381
208425
540684
130934
715243
844494
943937
566596
356214
283911
359687
166309
262047
490611
280938
242500
219769
931469
428384
729439
983210
993693
801909
787186
833671
772619
323706
174949
494534
955483
392559
957714
645494
317855
551192
552374
259184
795134
929787
515511
129627
123821
305402
976017
340909
344285
225004
993233
982295
400139
583417
216931
704387
212805
726248
712420
656914
750126
585057
264568
837804
658307
231245
912011
648364
883040
919478
876688
916551
267001
124063
528652
374243
704391
938505
840496
836134
460315
287484
416972
839700
712356
179405
694443
167175
534695
750380
344835
994806
465710
417739
639322
463576
163249
254119
615762
679676
378117
491543
216953
992232
441606
280430
532539
669993
797478
555542
927392
621594
493889
704655
154860
893017
594468
224888
410384
672832
239080
445291
807286
797100
611581
150103
890435
813341
543279
621115
236616
155062
593553
928769
205451
497044
497193
723227
176089
234475
957309
138952
570451
650100
508348
434147
758435
305844
405947
459336
534822
765170
151919
769303
274101
931531
981902
567667
616020
166967
280932
678058
503191
377876
438808
307061
144930
503473
904939
811305
353447
554956
115842
368359
534780
996323
727937
119950
937427
902986
265390
488111
420543
823669
944248
593802
519195
566062
606662
242587
787660
603203
722089
559016
536163
508988
893966
976752
340968
996670
603060
514048
955498
174279
752369
677191
648479
279241
699253
444337
971440
856831
910613
108707
883690
332062
408839
694542
560065
187396
406336
468424
585983
928925
102372
197493
216249
881752
757424
966650
955735
690343
155816
438455
449410
178301
463011
647542
639979
199060
949581
163684
291324
925481
519730
583213
182258
670890
953407
868044
567014
633757
356932
440344
915969
513181
381181
848443
638674
298018
901410
446815
235471
259859
277951
816207
533972
518800
232762
112346
593967
229364
893993
729259
547751
253491
746322
209118
575434
458919
141407
276254
238258
961324
101668
220417
972197
483574
107420
814489
220379
760541
531240
712238
653624
696887
219168
666376
592236
732836
443038
687626
263861
138897
326653
360352
250809
537400
360784
347154
410057
193824
187597
166434
796563
755822
492721
239879
551235
283280
818925
336535
809177
683786
871209
983112
216619
490174
877777
823266
489454
272681
110168
104513
254243
664399
543331
186342
867347
325966
622324
297334
229091
379712
605207
518732
534693
539299
897468
649246
145612
306249
948078
896333
330834
616194
394571
159840
455706
962384
462111
162208
756845
209048
850957
957208
196647
719570
431862
664675
570053
590305
839156
795409
460485
999910
113478
952055
492942
605150
848808
719940
686302
170937
839625
644959
985088
809290
940530
147064
561716
171380
971390
754898
209612
717099
962728
249561
706224
788809
367905
271851
688695
713825
595632
240293
753870
165811
194936
625297
211801
356897
596459
935392
452675
553126
903323
970652
376046
282759
672121
269755
635536
463775
418124
351691
868549
318121
245400
210818
100289
668066
981338
373174
953306
132279
229245
829680
651362
248345
534499
307768
164638
721246
219359
218927
304013
577886
283436
168308
851570
910359
203810
195379
971951
799617
498991
535650
934806
601965
562889
965467
997840
115357
975841
567557
696220
553308
185734
139645
740364
515644
308721
951587
801279
856187
283989
526940
644801
556161
984860
160202
398177
925526
785922
944904
471873
141611
969572
429222
700994
115521
353846
144693
893014
680675
232872
444333
228118
982516
972226
543338
266374
279850
445936
107954
590569
722792
879608
499750
358884
396068
700918
115226
663232
255247
821911
881249
885372
596237
484346
279707
812868
722624
195764
643693
633283
344389
307065
781446
606564
672001
719607
269998
141454
452462
900485
173320
262725
938558
288973
628461
399139
159066
263699
776421
174172
366085
117472
873651
584980
677488
317949
495050
408310
959695
622758
727269
884055
129408
997706
958783
123592
587791
448297
383003
137741
764653
195719
591551
757589
477791
882767
256767
719784
799729
256367
956308
308042
637516
487918
357637
198527
654713
697828
835837
580426
143099
860860
803904
405216
652552
401559
751285
436558
167377
635757
995954
387724
824993
510182
631803
591696
404660
278542
479529
105075
803651
499378
771887
688768
658744
986501
923206
431017
955648
879290
600561
166050
201868
901433
802742
541529
191006
510060
905262
938785
844254
226423
797723
840150
425067
387565
814912
205456
363609
441380
505104
892922
152454
427026
498885
434932
728329
860321
764642
488949
594109
634977
431795
339464
315569
485999
861908
143955
815052
695091
915409
452097
963359
894717
269714
836917
614935
195679
438346
975076
660230
491984
854452
420573
329556
885848
428588
201792
434089
462556
570302
396436
513193
593773
142898
762327
681253
768775
167215
102184
543127
397927
104416
258425
528288
122187
230840
231281
926775
310091
579334
881812
104651
456854
459831
207580
782363
465947
555749
441084
929166
360592
392808
354912
752553
541902
890890
801154
738240
603742
244342
907724
716222
950012
389993
333213
764611
852462
960422
784482
155029
358125
197568
172374
531534
389951
386002
485654
882575
466445
243684
547998
463120
245900
591020
479731
509591
290684
117331
127748
814553
984263
455783
610659
814823
568364
448342
436763
837981
156470
426680
219625
625631
300974
154038
155974
856112
304236
734256
209235
352820
131271
309208
906957
601580
286063
386756
237573
985243
799891
282636
912456
293993
261636
316683
421421
532290
652360
449073
129676
310973
992333
668093
374632
493980
117242
532238
715157
907777
786751
189676
134970
388077
444502
957530
442349
754852
940078
951327
533300
737153
847494
145569
998638
991396
902619
389190
916775
503093
788742
107242
120674
595428
103669
497257
194309
886705
116712
339665
200286
224569
331999
778925
896884
679266
102079
859479
382386
670971
233291
444634
217830
834772
188690
203264
440198
904868
298224
150717
792875
300994
763205
399086
746540
987362
106609
924694
559165
972930
127548
780892
174799
543704
798544
592627
281853
992430
782912
499975
731799
552780
224773
688666
686196
406557
585219
139505
322429
909942
266281
735216
746355
656386
344082
301650
674874
895175
956670
745689
384377
157966
365252
655326
969056
679028
316946
298515
242682
762091
267464
500427
842024
900030
755680
568879
425226
468607
767530
450531
347044
381985
105677
406320
600338
150275
796306
323776
310083
520108
759927
409430
633616
219751
415627
888042
830318
170437
158511
776233
277869
364238
125323
301822
590880
729967
116388
272555
387726
346232
778421
824479
949189
209927
425186
933383
398220
643313
159253
447802
665054
722291
471236
146104
642660
431428
566101
489593
783356
724728
201652
378325
383966
313294
682805
389132
477579
521782
122769
605436
347626
826115
956311
792243
162610
357606
154342
299745
967777
856202
974535
214894
712026
215415
579944
407042
627835
124828
245478
509159
573940
791856
824159
142823
526132
496323
700593
881004
393522
575341
214430
795489
115631
180658
568049
257411
949501
325289
547608
457686
810745
589789
648238
920176
189571
727652
746196
840138
381382
230449
796192
914765
895542
147144
694318
538953
986577
546552
414276
984104
572807
768998
186917
111571
722479
108812
530025
821912
133802
293273
205187
677471
189660
258170
108678
779743
776309
482094
313690
335220
931343
128586
607119
798318
530254
762659
374017
332349
567622
670816
836418
550330
228622
997324
742073
278546
321629
724746
897256
915222
849603
906933
287573
181212
825615
673700
391082
300696
849321
128825
431288
669386
591643
295241
375631
102104
529551
535535
391924
249381
611104
591640
116018
628494
205826
578797
183138
593755
872320
631912
559674
318615
665831
176668
795828
665521
977032
543603
687608
283877
298511
787620
606888
179024
194019
446315
206092
860837
632998
291091
854497
583202
962846
368692
649300
217089
408248
273083
338550
975057
115148
940831
728728
907278
475257
194447
600828
573766
645081
189624
592728
687637
712231
921368
559712
948757
766646
604928
937593
862952
936553
423752
819843
531752
113726
862128
479766
986335
637565
471040
834979
213336
518102
292201
152200
111820
875760
360969
137427
199829
167465
841246
934441
850205
672276
391563
258982
510180
224693
561473
421255
455710
515039
492163
429508
878701
145706
610985
970724
768764
849199
796052
167254
858543
837040
107005
791121
249481
909597
869191
179460
642554
105743
563960
259818
502100
596029
307857
164409
880045
175837
206080
660127
422866
287427
870892
841064
692338
313185
295089
140545
256146
923017
284229
130175
731840
575009
676377
865669
132071
863054
824050
941468
397265
435008
219443
215041
593056
460272
865573
418750
789441
869820
832874
874299
626564
257257
768154
900641
725554
962942
463620
845722
339092
574975
230292
528711
674865
557803
782709
854431
989958
216117
911184
914657
726357
289163
800354
520909
156212
259370
305890
343585
725461
684061
486318
622456
520355
240249
677934
179844
294095
784579
780403
437033
770984
306804
846001
746565
262476
161470
283302
622395
674377
157103
567235
235507
909247
259407
608072
529595
652433
377052
249987
969254
309618
713736
928722
492749
164034
842618
305632
998232
786672
158166
559046
857908
630228
770834
984664
234018
739384
786790
614969
532770
947215
761610
722579
752254
435185
185162
667104
584236
778069
886952
686122
266429
228623
198061
495091
701842
332486
352695
280217
476410
714674
435245
365123
788067
530544
143119
448041
688137
674856
132026
767948
271927
367245
374536
330629
677445
949207
246009
951516
967545
578785
354181
751468
529056
975044
795062
793469
455918
235917
687154
526944
933256
305104
169939
615314
761567
613406
832965
303297
737021
865430
173066
430168
853453
694993
583159
170480
903391
509339
862361
226413
457709
711835
906730
393691
632545
405013
422727
495227
514879
232229
490883
199387
657771
524497
355228
924264
331733
257633
887184
103465
510348
640682
833823
871646
256230
892367
135459
384224
969421
752432
561658
161903
777496
652921
358126
921581
441162
728169
974821
857740
746077
644987
949294
271124
731358
621978
616073
968993
596307
298760
602950
331854
747361
864777
911272
678662
558847
923807
468502
530748
237446
564673
599142
551447
884750
320242
212639
544076
159884
526562
557805
299108
735615
227691
559900
562908
153712
510529
332565
361498
745107
902173
910116
893176
564739
905417
960283
455588
295233
773909
418155
728553
590743
814851
572355
253407
627735
250286
951722
849948
129874
215305
294187
803916
686649
707332
707690
165879
798086
943788
774197
280871
965928
465124
721407
128139
152906
972110
615992
178784
333636
103215
512698
772934
826861
165025
101311
828180
313843
984378
996880
502794
483406
225160
532074
762640
365100
623547
619328
393121
108788
781286
525776
536664
711721
974514
349075
874026
573914
413967
831888
498762
683849
867876
380695
784111
381562
582651
992080
340182
387458
900866
525709
970562
737433
641409
506186
135986
735830
993904
245860
298396
259487
238015
594018
783398
730523
460584
810537
976598
940017
376103
787342
571488
212176
968849
853152
910395
344031
960951
877116
240350
359249
472295
453784
847013
373050
595780
763403
426280
928419
634458
225866
488706
301817
314439
737374
917163
561370
310352
902770
979163
178111
875647
593804
651721
566141
217422
948753
990077
148745
849403
136505
547180
386029
370260
830055
740553
949393
405168
363363
422146
952297
670645
159467
810337
501256
664275
152847
168372
342036
745327
449649
472315
453244
490191
323779
484139
125334
549145
773530
509327
263645
895230
270451
215692
165282
688784
181519
384131
924509
334461
635364
470894
859265
511162
923345
647483
283185
305111
817155
698705
878608
558289
412471
473819
174539
364976
129685
923727
368450
235267
708257
432174
462837
925593
668144
125789
673592
599758
514593
981346
384116
576959
104011
447676
490375
180118
107094
257964
130628
197272
508846
987469
225978
232243
342327
468542
723242
656608
128518
169624
244053
912231
340428
400230
972281
288450
300077
230818
737524
902111
657575
513769
985664
630519
116728
318870
223850
563744
872471
902809
964449
345412
351622
298924
247743
585428
665294
467633
491108
919846
856002
331993
921042
131245
422656
744157
682377
466734
327356
786499
189541
612466
655274
482325
164273
599257
929655
671701
639826
601892
786638
125435
204145
261818
362917
763309
457208
455777
635197
301918
103774
410301
636465
102522
890051
173496
266738
108886
902896
794654
514720
591125
406818
416791
320461
445809
208017
483052
348456
713221
639536
762631
843251
795661
602653
303031
882463
899797
277786
530756
492221
531450
533777
602489
433699
538363
555574
444750
402539
456118
851278
378200
102574
455661
160419
605288
730783
533402
307158
548746
507673
729987
884996
661672
621359
578832
650737
286142
750327
849684
138513
335410
533735
123347
905269
309448
189047
277066
117178
963884
610329
646042
108956
376295
504747
973542
166529
473162
372759
380581
157126
827319
373853
962787
194137
205253
765813
261744
432484
293174
966809
899563
563958
718996
674105
371758
337337
510862
274532
783223
113169
588594
869807
498418
451400
577774
960969
896255
337645
639086
447779
246826
133931
398526
257446
564419
713894
548815
262511
819305
285973
304191
781108
827414
996140
775968
907128
691840
823436
818085
155350
421640
392856
815851
527576
541254
670212
942645
361951
569805
353355
770874
993958
170308
396217
576867
828953
532683
101919
536845
379234
235561
762604
249426
186239
917861
876526
174695
754313
223557
413111
895699
726657
422171
227458
875636
570745
716443
964819
981566
156907
365253
874021
916493
776417
441841
829364
852883
962602
473320
586973
787317
348639
257519
982822
228615
426938
406139
704526
438855
789954
655180
104415
195157
525079
758508
240067
469751
768061
511214
291646
189388
439187
779440
381361
660974
917281
826195
588304
617534
990914
746572
638678
716512
354848
931519
908540
736709
663651
257571
911365
503733
443844
414776
244846
458299
349046
969616
244841
718413
355763
432169
189802
646238
268836
734989
898858
497762
373752
714423
536577
602033
124430
942653
122867
913592
587054
630794
135335
177975
328222
262434
639425
976311
337138
461187
468345
475359
906117
874950
721617
454846
610987
910976
955517
484349
408642
776902
495253
232984
424546
515689
427794
630584
222540
842166
834844
559302
415478
824294
769625
953359
554003
451893
855206
521492
146282
846453
317206
694538
751932
882642
397832
618470
100868
395185
375658
223833
717368
151455
253082
302553
857861
233250
807179
125044
451363
998570
864421
204846
396567
872088
399284
637312
254761
579719
298074
667098
254434
318988
412672
669536
807361
171354
540884
607716
196914
814197
308510
228025
157964
618679
766464
681826
890837
400221
443092
670912
815112
802239
575370
301728
394213
853309
628512
852292
135699
600652
421560
628808
560056
945517
336326
589991
434433
878077
110573
159104
766459
495530
748773
217357
345731
966265
561695
652961
414705
866498
633219
834369
782577
206362
541046
400065
965624
890684
823827
511018
927323
180529
382214
416937
670209
840708
169876
226218
758619
504613
532328
306155
230179
808070
262619
704092
682428
612294
159839
686506
494484
809437
539116
830358
308413
700796
772249
510548
287322
277733
787474
409571
801751
563117
793442
233063
538649
732140
533435
427656
683423
811945
491434
317787
526055
283830
176573
606226
329920
149286
461898
390975
316671
930694
264849
144868
831464
730167
834091
539464
739112
429821
610577
804087
472705
798173
134696
157251
534456
779291
263173
312006
265055
415824
307321
956807
781246
999984
124715
315937
215962
415092
602819
144220
913194
399569
406735
894954
951082
693096
155651
141782
705504
797477
512697
738644
886299
934332
805198
360246
247452
864491
249414
234319
123685
698113
489608
435734
204556
333396
156977
481891
365432
751909
534944
295524
650434
939084
228093
304464
258621
741586
699598
210423
938937
864220
558225
752925
206133
385778
306928
346830
699725
749369
787725
348254
144974
692536
304796
160088
272330
861341
121119
594778
185436
739308
711629
974704
457273
822342
711398
141136
325757
771099
640523
302891
872731
343157
946959
169462
224375
571507
479614
449425
918754
923356
812826
510004
871942
465046
413195
451257
345203
272914
666528
634772
236273
635836
170318
150000
680962
438913
175905
102319
913146
361904
690010
247180
200515
908508
534662
436623
732437
988420
891352
130940
426202
219231
446537
338579
862224
172233
565341
890857
878748
159006
166469
558195
969887
747611
265660
623083
799308
585234
220529
480804
230390
228449
755537
239785
356861
491053
629714
967355
977970
379869
545723
257664
998038
529030
612714
495260
343134
237308
802655
473470
932219
360102
450962
190409
917166
862104
643612
715406
241588
621493
971867
399375
331556
605766
747580
635597
519607
803351
185195
227537
217179
186009
724872
117674
612659
391742
777345
939778
244139
967627
843911
760447
299397
507667
513966
964955
681273
810779
279455
795429
263775
231383
126674
653039
579192
600979
231992
823284
655306
934059
182312
936053
464197
897058
755461
979901
740021
426533
840464
898135
308939
798647
583651
876735
772907
939100
414289
703111
954992
482158
234537
587673
581993
309091
149545
814756
119135
387209
667974
114754
652922
208118
668962
159974
265502
528365
580720
163682
970507
580125
596626
668627
895197
671656
189127
204772
834448
356951
149394
651296
616748
397245
820128
168736
442089
795068
619226
285765
372808
149390
931042
475327
210385
763365
272777
736178
807540
923055
745318
920157
860976
638797
439584
790499
291538
133747
707720
171117
518675
490924
495893
920836
903992
968766
931063
343771
590003
206738
739463
375243
232492
992601
496939
306938
486478
661281
687246
503292
852700
633087
586808
508424
235553
191455
289601
234459
161647
968670
947473
667726
595551
518125
573668
186141
503066
257725
894922
112202
963059
339791
157457
874079
514165
336412
746411
524068
257919
476121
928399
914482
384135
709950
563818
836621
533444
379822
714491
331569
141459
719720
773851
538576
944423
606319
166700
678837
737540
484819
935002
969206
646480
279951
647730
558664
394595
154204
140507
506131
951522
518180
488689
848843
874306
805145
348664
338558
379165
244991
586102
470230
528355
602601
322531
184919
660300
479539
188839
354778
187813
289949
119248
323750
460052
913808
673574
254451
436696
581932
562289
714403
324853
512130
372631
469304
316152
219756
123992
582102
518066
999364
642995
325889
956823
774049
974882
964893
558747
150310
132158
622080
534722
974101
734300
932416
300569
861499
734496
316036
901625
599863
968505
976873
435454
682008
787574
104529
250855
593189
981747
671357
170360
709004
964601
788295
605224
494988
384652
441219
878121
959591
389589
486634
315045
376526
196575
554152
261045
422542
629163
730088
130526
775776
416475
833667
996399
954602
612753
289289
748038
600007
938758
943433
525240
204183
228905
784979
814559
599370
138556
572817
428152
146454
269468
567268
871008
706343
806246
954494
607636
536566
695124
156818
139534
140789
111973
904248
837174
220904
954057
526774
457197
951324
901883
499193
334320
139318
183970
411763
261878
537394
875884
138984
917160
340333
239041
891903
153374
209926
241632
642829
666183
984698
445637
208768
301856
294899
329850
756104
510528
588200
470619
835254
508371
349600
631451
436337
950290
766351
614182
819284
134681
435862
634613
978033
691029
467801
272875
432635
330302
949873
383456
831001
784545
941729
467991
204327
501089
731778
232817
613719
494707
838891
316298
545262
467402
711056
930272
304200
701908
872272
569194
811867
488223
334625
391415
512146
481244
391892
629285
693587
940839
987025
117913
813973
982685
877848
751517
957262
409963
684685
118861
921650
521468
788681
681145
909152
452380
800515
583321
788584
537154
587454
813531
358559
218921
515773
338224
829162
905460
750236
645926
609982
135910
805528
124745
353075
770957
519145
723375
244732
138449
855139
264371
861189
179501
218122
708241
230770
145295
979580
449484
163675
920371
400459
340879
826949
710974
748665
220994
921332
154589
630895
824017
145568
866870
901115
637081
923169
855957
291171
588877
846003
440011
755325
358509
927536
315853
849984
740200
805632
271296
262933
777361
351297
930855
719304
767494
168713
854944
991261
384781
879030
845676
538112
652315
293535
173430
508217
813888
796908
992820
991353
669838
315310
198236
286163
725745
582779
968468
371975
827885
431536
204313
446301
959622
285619
550254
520233
805229
138508
212473
102029
153061
754266
740939
355662
713117
518791
838147
122105
308458
370735
562278
328555
249161
451534
441214
129010
991106
385028
585726
418797
968658
814142
456990
909484
452938
750645
817375
779150
951791
918732
751329
987992
999377
733801
450826
641690
669807
659383
875857
736469
454304
405340
889081
834829
329982
524804
965583
193246
231674
502195
816777
128613
945996
743849
231676
793791
905508
404230
196201
894799
261799
530635
225637
401722
501567
234341
587544
601505
170298
389295
669045
222553
569222
116556
270441
144362
203246
902329
210152
602313
544870
322445
305320
334081
626604
904979
982891
890288
671705
272910
216390
310163
610865
561048
645015
881991
767079
452879
839421
807225
300398
686212
737827
468724
459620
475751
213584
726245
512203
487742
657629
617467
227270
445107
675515
725155
947276
606800
794863
409973
821044
663870
843643
362657
490569
200912
456820
352869
814519
455003
374871
451163
125216
453208
333698
745537
887181
291750
328884
735621
779144
194760
880749
428526
650746
276000
256237
967791
500823
904978
195659
819086
701891
242226
367109
103495
621230
516378
430298
497583
412824
114619
810701
341446
264138
254921
517859
190674
190020
459526
971605
682904
504710
619193
783486
421835
692911
887902
368060
359583
483951
640435
578372
345538
955212
618378
524637
226775
401807
868743
473880
989888
313437
427895
893629
497900
275652
847156
273841
483543
616495
176170
884134
889544
902518
805543
555580
790562
573197
324660
852396
404578
149563
542365
952068
953197
176270
267084
173100
334712
194526
130810
170365
489761
715988
879924
728968
115967
145181
536033
138918
294211
392707
604008
355055
381910
799755
548040
554204
497938
700885
425699
741040
824455
236951
220545
130377
828329
691162
590370
620510
839766
112559
628703
635524
681879
206393
856704
422396
496578
176982
660498
171038
942681
765594
854772
576287
499552
356724
892847
793295
206622
127086
610131
602249
915514
201126
939294
598210
430497
475871
729358
289781
903730
837208
990617
911353
366682
796305
501534
474176
312783
419343
919166
250154
636805
358387
925506
508689
105449
280088
278561
451805
533494
401478
284926
566988
321995
838813
369525
110608
360399
697537
864918
934541
849559
544738
948609
228479
987788
673175
273850
400181
702541
690720
516502
385282
319492
871935
321123
226737
687267
937068
763033
769802
515303
388680
354948
559293
877017
226219
136129
626968
295418
610707
537878
689065
169276
447250
496099
730339
284255
133478
778801
346390
241381
593005
526359
443280
445788
223504
124474
836522
666300
605108
515417
408801
968029
870843
299197
641076
963434
837615
352056
427033
951318
233790
186228
872756
412829
675318
707306
692927
960696
575430
875689
359228
712887
225218
334402
715232
625095
335365
790643
563045
800718
336622
468263
397479
712075
870674
639703
268437
219084
585502
648210
141373
591315
727874
248042
448026
268194
513398
226949
256268
379803
785652
313040
684560
866220
771738
542004
819313
496607
620163
574533
213784
541537
612972
557103
619535
913017
482771
527184
159381
264331
795105
968704
676714
803270
678777
405647
709419
558724
898940
309535
702579
313996
483192
523659
469535
748044
118925
918763
235250
147552
158611
692818
785186
928612
387480
207431
852888
777752
341813
410852
525544
556391
504342
741469
853757
201478
395554
726378
867296
924095
858336
114015
543019
226203
789633
803458
991067
638985
923516
511307
488335
220233
795004
675762
543315
285786
189652
862572
737743
482865
437429
889723
482477
921435
612819
249579
761026
760542
295403
539327
893515
660180
213848
284081
558073
212766
332952
131996
541315
419479
661538
760846
998333
900697
859306
848880
814767
810546
649239
374294
864475
899908
640351
518489
425606
540234
994752
485219
965638
159411
298750
295708
362673
496318
504990
880221
308704
892812
625241
936230
529558
249292
524160
509473
863210
535391
869297
488635
763721
493257
128367
604556
451860
964869
588549
252805
978981
718448
892106
218622
919720
435118
114731
880295
211356
483949
826095
205636
873229
959387
412259
758808
661315
545445
729220
840661
394023
474718
967851
983655
213981
576266
101591
243583
713216
771990
864641
192606
582758
653120
343115
605342
743098
599003
117379
381805
122067
383871
229161
219521
857286
962088
355560
388011
776908
835993
954774
817542
950038
167059
420479
165156
401890
165598
595779
179102
809260
322947
249667
895987
406308
715552
495372
262518
451867
983417
462878
338553
980561
132557
664877
808332
837145
546030
550732
740446
194761
697148
863977
638743
140471
520055
980699
169205
813611
613173
496528
764624
693185
930559
562196
389680
261027
622192
753783
841386
305794
118127
786591
507186
870929
351166
514184
120616
425923
133494
192152
335696
159211
118494
206937
478749
498493
241660
264255
152262
485258
278613
903886
502378
254960
739884
156823
283420
829731
962947
176691
479531
535999
585503
170100
546944
505036
779943
921051
740300
390479
211794
650310
835762
960062
710924
298993
471321
735671
520037
795361
693328
183879
662151
530733
698908
784747
397565
764164
583219
579987
840160
170712
316903
438135
358372
183812
134671
780773
738180
965428
521647
282821
613464
346999
297057
221481
974025
702347
357298
442073
859465
295601
615262
389118
558671
330893
993565
455857
603997
731038
492669
349064
326168
966469
141423
760953
814804
833446
639895
372336
521055
736860
158053
388540
656320
101924
166624
122529
337927
969609
741957
134290
155572
438110
780828
852879
617679
295865
748617
375593
753650
692584
443568
630330
601303
666675
964539
240696
450911
724030
570364
156497
464282
575979
173498
985304
685799
548239
594094
348595
774554
354384
169160
724765
877162
590963
448696
129877
905448
202060
190914
709201
280652
468467
628959
868619
325045
458934
369795
240157
952136
449579
632292
201880
914678
986188
489120
696698
802376
861557
153255
872728
854446
141147
998015
575926
664876
140377
417047
481114
437702
698759
124071
833570
822788
726021
852949
395766
315078
365894
472847
400881
506773
265521
759433
458807
782946
285220
659397
790823
608424
261294
705999
179032
537408
808467
944013
175723
997663
828514
931273
607318
334475
945651
982385
684909
400798
446595
175532
303753
361784
921460
998986
744452
815592
752567
477531
388232
507472
954707
478427
447411
430982
345420
618157
421032
998516
419551
216455
300401
563517
457116
424193
664208
630909
487521
155272
900390
756949
123415
309837
206480
357525
917239
394681
676056
273010
990883
535504
427993
723395
861530
837770
190701
638808
791325
384112
250010
422377
218303
141372
754486
305262
228444
241479
298933
731690
886380
374087
923135
175082
712789
276924
199211
572089
909373
962844
103983
504644
477756
151576
491134
719874
272879
781982
699896
873111
678195
126111
632448
459310
631355
954092
935842
615110
110923
178128
438544
217122
289809
681025
435609
651212
147697
589374
349077
746024
971483
815178
814970
111198
824471
798853
546486
842549
533805
600060
115173
841977
966064
297174
974533
928069
803834
418895
942781
542993
204962
253561
590227
521569
942214
444148
729916
702584
844643
832590
150649
343288
423387
572742
920779
922875
226827
972054
536329
865324
805633
333367
790853
895883
105712
877247
170760
943880
296702
931691
775158
677614
139237
217268
212259
166794
741140
792286
277814
675271
763948
337679
855665
891700
517102
588949
422300
666280
626536
487946
730873
386523
940083
281599
466658
440717
974020
575333
185427
610301
589137
522312
161274
754698
887052
626163
151999
847286
324470
348985
824948
614949
653520
420014
438039
171907
745303
503606
485982
906822
472615
705982
697290
218082
650665
634528
115880
479574
641315
486202
516353
574580
514145
909582
325690
249360
464798
924145
434087
557791
527083
936883
232279
854714
875284
609908
425614
578268
962761
572978
379296
288838
307405
501807
937835
199830
667921
341883
388155
565959
287416
103569
808266
812143
733757
324849
110319
608115
484685
240529
415821
944815
220510
101364
297685
109024
605782
952292
302630
490556
302604
294837
149078
845864
355192
126283
735693
420473
703261
520052
662917
976267
633742
326603
378658
604395
277507
131169
294956
374050
580367
107584
920235
862568
361771
611414
399468
746383
521094
595195
401688
208889
176857
814486
551356
756536
894923
165866
316626
191227
513661
592887
502138
595567
856261
565072
275751
571756
552650
595953
708788
928181
450104
773848
959097
201026
837183
426882
109867
346403
234206
283404
990412
459809
571252
989848
773750
722153
911432
512311
583766
438768
426968
900906
561402
703940
896128
251604
608879
747181
295374
994331
880661
226408
999699
106012
937410
307031
971632
521448
827801
634341
316484
457784
477184
397836
504319
748758
102669
472267
750133
945659
360282
820494
149946
445808
514136
854417
541279
162663
139045
189889
737163
710652
430448
293040
351864
603934
848291
239334
296000
776130
608025
864916
670926
899835
835842
622764
804981
265036
737622
974466
441151
735059
960740
167822
767573
717699
808222
444463
312940
280456
715509
392191
820009
843962
377332
753092
655964
565611
948343
584404
656601
476622
601270
745722
817724
292804
369919
305191
601916
573051
931586
633353
267268
587315
792210
441661
818180
523064
129041
360159
344060
424330
411777
195510
241287
997712
931048
385896
432039
357422
855656
663606
141717
229890
999022
491152
967327
640271
740094
402154
425217
229523
290512
365429
806552
902354
653956
513589
772610
296941
123310
567296
262379
728474
831960
704982
363480
402410
188062
411072
703204
706739
931241
429524
817447
567512
908493
498918
899844
893864
599688
735228
536151
748437
665806
953294
844594
573367
757136
955733
140116
931311
108124
988024
928837
485042
820722
362133
261411
325754
187313
765120
640833
501191
159474
550258
137990
288224
400466
617925
677852
774931
629611
232650
476906
779214
347175
632754
356370
125012
614223
396835
781653
885621
942867
778277
663555
174545
652485
985934
903805
167671
304976
450478
785129
570284
632879
550234
849288
192954
274153
273243
670178
766277
566240
806819
992890
971567
370182
482752
796902
660233
531662
308290
770257
807343
814403
863954
485287
704525
582974
713178
620679
213527
667198
295247
862107
683690
263479
119318
720368
115147
964934
168079
943324
932459
597749
703653
718751
123573
247768
739074
976714
463231
452170
982647
675174
192574
192716
536653
254438
505337
259338
325661
296007
711127
670289
590159
180055
471726
142773
929162
844083
879265
223603
714400
528267
280597
997484
774152
849613
394443
233724
723210
758450
352253
805615
591918
220515
195986
360369
588387
736290
167352
737899
516990
730605
528749
800570
782018
486704
106002
233669
393838
892112
423585
102845
830191
301857
408805
507418
718458
874016
535258
701251
436962
557594
855090
926492
167492
979717
202737
998672
192544
540509
269924
446655
146345
250343
108702
478105
950651
742765
413721
353849
697629
127495
247852
605814
853557
839509
522768
155169
285980
506234
856092
323383
976973
663082
587596
358178
199518
696100
970488
889492
680916
639987
971443
361774
838773
695912
383516
884029
281458
398433
309436
649771
582753
199664
469640
238592
103300
283732
764964
837209
539554
358615
224320
865207
492494
615363
387442
725683
617148
718160
280195
122125
458353
479246
127476
792952
334011
547541
423781
326930
630629
730478
229014
770510
529917
763911
275242
140401
792090
616390
519316
330669
155321
801976
409943
349505
319666
915410
977086
137787
744086
227844
274035
627092
325206
795859
166137
774492
746313
488405
645223
464151
753235
678406
718530
619438
489607
595278
491608
796830
954365
149735
392748
583935
984301
749606
768543
749077
756587
280575
953237
727244
473071
821677
966741
788266
453893
657563
797155
329540
528905
703548
529483
439506
629286
759729
600806
944150
691799
666142
783716
653139
976448
946512
417374
924578
479172
698717
205141
617105
745252
742379
754697
952048
244464
291540
866089
637070
906455
285838
882901
366438
384305
572304
498505
336711
910883
515362
625345
893326
526454
614043
541033
860000
479358
194158
103641
331532
492112
469759
192630
869462
475252
672027
589764
419649
735661
379647
522448
941615
715770
240863
372180
882875
974276
168778
439915
338415
629893
839617
153957
776815
885972
771173
558036
256115
767484
319074
408670
663674
893575
444412
714620
665708
357913
635567
732730
474790
216482
172364
393879
981752
740673
129979
589067
157464
425978
283393
522753
394533
532068
442198
175206
787601
478467
450320
506124
941794
180695
302887
404367
835688
709622
478415
214098
683238
420632
320130
350278
232595
857400
634983
177443
763232
806719
955076
207377
480405
744907
133473
148172
937522
848075
850208
192843
547438
402489
118041
698968
487526
824964
459841
151783
694874
547629
139638
471642
460698
687018
747884
997639
142037
745292
964408
438949
286074
199289
827486
922472
727517
154371
264836
387659
832596
516586
311512
954849
335363
202708
607465
328428
852100
985545
372169
872115
106314
368202
572001
871560
212810
764916
735752
177271
488737
414239
960024
347166
408874
608647
769741
108845
471703
694830
147957
114760
481548
449508
459176
917553
264216
333504
964803
842536
130097
248869
864457
270812
576183
135183
256148
728961
492886
315984
108271
573695
